mutant,score,method
D672V:V710G,-3.2835937499999996,EnsembleMLLR
D672G:I712L,1.296240234375,EnsembleMLLR
D672G:I712K,-12.0529296875,EnsembleMLLR
D672G:I703V,-1.847607421875,EnsembleMLLR
D672G:I703T,-5.5431152343750005,EnsembleMLLR
D672G:I703N,-13.075366210937501,EnsembleMLLR
D672G:I703M,-4.6662841796875005,EnsembleMLLR
D672G:I703L,-4.54150390625,EnsembleMLLR
D672G:I703F,-5.03271484375,EnsembleMLLR
D672G:I702V,-0.85673828125,EnsembleMLLR
D672G:I702T,-3.66279296875,EnsembleMLLR
D672G:I702N,-9.01611328125,EnsembleMLLR
D672G:I702M,-2.5958007812500004,EnsembleMLLR
D672G:I702F,-3.91396484375,EnsembleMLLR
D672G:H685Y,-2.16875,EnsembleMLLR
D672G:H685R,-0.277734375,EnsembleMLLR
D672G:H685Q,-0.19804687499999996,EnsembleMLLR
D672G:H685P,-0.143359375,EnsembleMLLR
D672G:H685N,-0.2080078125,EnsembleMLLR
D672G:H685L,-0.968359375,EnsembleMLLR
D672G:H685D,0.24335937500000004,EnsembleMLLR
D672G:H684Y,-1.595703125,EnsembleMLLR
D672G:H684R,-0.5179687500000001,EnsembleMLLR
D672G:H684Q,-0.22753906249999994,EnsembleMLLR
D672G:H684N,-0.4234375,EnsembleMLLR
D672G:H684L,-0.405078125,EnsembleMLLR
D672G:I712M,-1.968359375,EnsembleMLLR
D672G:I712T,-3.587890625,EnsembleMLLR
D672G:I712V,0.46542968749999997,EnsembleMLLR
D672G:K687E,0.414453125,EnsembleMLLR
D672G:N698D,-3.81533203125,EnsembleMLLR
D672G:M706V,0.7826171875,EnsembleMLLR
D672G:M706T,-2.797265625,EnsembleMLLR
D672G:M706L,3.3953002929687504,EnsembleMLLR
D672G:M706K,-8.490234375,EnsembleMLLR
D672G:M706I,0.9726562499999999,EnsembleMLLR
D672G:L705V,-3.62288818359375,EnsembleMLLR
D672G:L705R,-11.67332763671875,EnsembleMLLR
D672G:L705P,-10.292260742187501,EnsembleMLLR
D672G:L705I,-2.328997802734375,EnsembleMLLR
D672G:L705H,-13.273602294921876,EnsembleMLLR
D672G:L705F,-5.2405029296875,EnsembleMLLR
D672G:H677Y,-1.423828125,EnsembleMLLR
D672G:L688W,-4.39609375,EnsembleMLLR
D672G:L688M,-1.13984375,EnsembleMLLR
D672G:L688F,-2.0421875,EnsembleMLLR
D672G:K699T,-1.2123046875,EnsembleMLLR
D672G:K699R,0.06552734375000002,EnsembleMLLR
D672G:K699N,-3.5728515625,EnsembleMLLR
D672G:K699I,-3.214453125,EnsembleMLLR
D672G:K699E,-5.252734375,EnsembleMLLR
D672G:K687T,-0.4140625,EnsembleMLLR
D672G:K687R,-0.7068359375,EnsembleMLLR
D672G:K687Q,-0.613671875,EnsembleMLLR
D672G:K687N,-0.48671875000000003,EnsembleMLLR
D672G:K687I,-2.3703125,EnsembleMLLR
D672G:L688S,1.2482421874999998,EnsembleMLLR
D672G:N698H,-2.958203125,EnsembleMLLR
D672G:H677R,-0.22500000000000003,EnsembleMLLR
D672G:H677P,0.7373046875,EnsembleMLLR
D672G:F691S,2.7453125,EnsembleMLLR
D672G:F691L,1.16953125,EnsembleMLLR
D672G:F691I,0.673828125,EnsembleMLLR
D672G:F691C,-4.240625,EnsembleMLLR
D672G:F690Y,0.06289062500000009,EnsembleMLLR
D672G:F690V,1.4746093749999998,EnsembleMLLR
D672G:F690S,2.6625,EnsembleMLLR
D672G:F690L,0.8304687499999999,EnsembleMLLR
D672G:F690I,0.33398437500000006,EnsembleMLLR
D672G:F675Y,-0.5347656249999999,EnsembleMLLR
D672G:F675S,1.0875,EnsembleMLLR
D672G:F675L,0.9820312500000001,EnsembleMLLR
D672G:F675I,0.5390625,EnsembleMLLR
D672G:F675C,-4.798046875000001,EnsembleMLLR
D672G:E693V,-2.223046875,EnsembleMLLR
D672G:E693K,-1.902734375,EnsembleMLLR
D672G:E693G,-1.2982421875,EnsembleMLLR
D672G:E693D,-0.5044921875,EnsembleMLLR
D672G:E682V,-0.899609375,EnsembleMLLR
D672G:E682K,-1.12109375,EnsembleMLLR
D672G:E682G,-0.6166015625,EnsembleMLLR
D672G:E682D,-0.361328125,EnsembleMLLR
D672G:E674V,-1.155859375,EnsembleMLLR
D672G:E674K,-0.86796875,EnsembleMLLR
D672G:E674G,-0.361328125,EnsembleMLLR
D672G:F691V,1.9417968749999999,EnsembleMLLR
D672G:F691Y,-0.164453125,EnsembleMLLR
D672G:G680A,-0.5703125,EnsembleMLLR
D672G:G680E,-0.530078125,EnsembleMLLR
D672G:H677N,-0.4294921875,EnsembleMLLR
D672G:H677L,-0.40214843749999996,EnsembleMLLR
D672G:H677D,0.5859374999999999,EnsembleMLLR
D672G:G709V,-2.20423583984375,EnsembleMLLR
D672G:G709S,-3.244384765625,EnsembleMLLR
D672G:G709D,-11.487060546875,EnsembleMLLR
D672G:G709C,-4.58670654296875,EnsembleMLLR
D672G:G709A,-1.5360595703125002,EnsembleMLLR
D672G:G708V,-1.8719238281250001,EnsembleMLLR
D672G:G708S,-4.0853759765625,EnsembleMLLR
D672G:G708D,-12.283398437499999,EnsembleMLLR
D672G:G708C,-4.245703125,EnsembleMLLR
D672G:H677Q,-0.33964843749999996,EnsembleMLLR
D672G:G708A,-1.4675781250000002,EnsembleMLLR
D672G:G704R,-12.767970275878907,EnsembleMLLR
D672G:G704E,-12.983194732666016,EnsembleMLLR
D672G:G700S,-2.72861328125,EnsembleMLLR
D672G:G700D,-5.0586181640625005,EnsembleMLLR
D672G:G700C,-10.761572265624999,EnsembleMLLR
D672G:G700A,-2.060205078125,EnsembleMLLR
D672G:G696V,-1.969140625,EnsembleMLLR
D672G:G696S,0.12851562500000002,EnsembleMLLR
D672G:G696D,-0.64765625,EnsembleMLLR
D672G:G696C,-6.8962890625,EnsembleMLLR
D672G:G680V,-0.39921875,EnsembleMLLR
D672G:G680R,-1.109375,EnsembleMLLR
D672G:G704V,-6.7963714599609375,EnsembleMLLR
D672G:N698I,-6.0252929687500005,EnsembleMLLR
D672G:N698K,-3.1579101562500003,EnsembleMLLR
D672G:N698S,-0.968798828125,EnsembleMLLR
D672N:A692E,0.05624999999999991,EnsembleMLLR
D672N:A673V,-0.604296875,EnsembleMLLR
D672N:A673T,-0.3890625,EnsembleMLLR
D672N:A673S,-0.06796875000000002,EnsembleMLLR
D672N:A673E,0.3427734375,EnsembleMLLR
D672N,-0.4984375,EnsembleMLLR
D672K,-0.294921875,EnsembleMLLR
D672I,-1.375390625,EnsembleMLLR
D672H:Y681N,-0.32695312499999996,EnsembleMLLR
D672H:V695E,0.0732421875,EnsembleMLLR
D672H:V689E,-0.68984375,EnsembleMLLR
D672H:S697P,-2.3390625,EnsembleMLLR
D672H:I702N,-9.865234375,EnsembleMLLR
D672H:H685L,-2.15,EnsembleMLLR
D672H:H684Y,-2.639453125,EnsembleMLLR
D672H:H677R,-0.965625,EnsembleMLLR
D672H:H677Q,-0.9476562499999999,EnsembleMLLR
D672H:G709C,-4.7451171875,EnsembleMLLR
D672H:G696S,-0.8003906250000001,EnsembleMLLR
D672H:G680E,-1.41875,EnsembleMLLR
D672H:F691L,0.05781249999999982,EnsembleMLLR
D672H:F691I,-0.10078125000000004,EnsembleMLLR
D672H:F675S,0.26328125000000013,EnsembleMLLR
D672H:F675I,-0.6798828124999999,EnsembleMLLR
D672H:E682V,-2.1302734375,EnsembleMLLR
D672N:A692S,-0.06601562500000002,EnsembleMLLR
D672N:A692T,-0.741015625,EnsembleMLLR
D672N:A692V,-1.226171875,EnsembleMLLR
D672N:A701E,-7.095458984375,EnsembleMLLR
D672N:E682G,-0.545703125,EnsembleMLLR
D672N:E682D,-0.501171875,EnsembleMLLR
D672N:E674V,-0.90546875,EnsembleMLLR
D672N:E674K,-1.2095703125,EnsembleMLLR
D672N:E674G,-0.3384765625,EnsembleMLLR
D672N:E674D,-0.325390625,EnsembleMLLR
D672N:D694Y,-3.2541015625000003,EnsembleMLLR
D672N:D694V,-2.2955078125,EnsembleMLLR
D672N:D694N,-1.3521484375,EnsembleMLLR
D672N:D694G,-1.2162109375,EnsembleMLLR
D672N:D694E,-0.754296875,EnsembleMLLR
D672N:D678Y,-2.3048828125,EnsembleMLLR
D672H:E682D,-1.6181640625,EnsembleMLLR
D672N:D678V,-1.021484375,EnsembleMLLR
D672N:D678G,-0.169921875,EnsembleMLLR
D672N:D678E,-0.2580078125,EnsembleMLLR
D672N:A713V,-1.274267578125,EnsembleMLLR
D672N:A713T,-2.5177734375,EnsembleMLLR
D672N:A713S,-4.659912109375,EnsembleMLLR
D672N:A713G,-3.607861328125,EnsembleMLLR
D672N:A713E,-12.965625000000001,EnsembleMLLR
D672N:A701V,-1.6902832031250001,EnsembleMLLR
D672N:A701T,-2.5888671875,EnsembleMLLR
D672N:A701S,-3.592919921875,EnsembleMLLR
D672N:A701P,-2.521484375,EnsembleMLLR
D672N:A701G,-4.60380859375,EnsembleMLLR
D672N:D678N,-0.944921875,EnsembleMLLR
D672H:D694E,-1.5968749999999998,EnsembleMLLR
D672H:A701V,-3.410693359375,EnsembleMLLR
D672H:A701T,-3.4880859374999997,EnsembleMLLR
D672G:V689E,0.19960937499999998,EnsembleMLLR
D672G:V689A,1.103125,EnsembleMLLR
D672G:V683L,-0.8214843749999999,EnsembleMLLR
D672G:V683I,-1.3009765625,EnsembleMLLR
D672G:V683G,-0.410546875,EnsembleMLLR
D672G:V683F,-2.026171875,EnsembleMLLR
D672G:V683D,-0.1064453125,EnsembleMLLR
D672G:V683A,-0.40195312499999997,EnsembleMLLR
D672G:S697T,-1.0904296875,EnsembleMLLR
D672G:S697P,-1.5169921875,EnsembleMLLR
D672G:S697L,-1.61640625,EnsembleMLLR
D672G:S697A,-1.23828125,EnsembleMLLR
D672G:V689G,1.29755859375,EnsembleMLLR
D672G:S679T,-0.8011718750000001,EnsembleMLLR
D672G:S679L,-1.11796875,EnsembleMLLR
D672G:R676Q,-0.426953125,EnsembleMLLR
D672G:R676P,0.18203125000000003,EnsembleMLLR
D672G:R676L,0.08242187499999998,EnsembleMLLR
D672G:R676G,-0.09921875000000002,EnsembleMLLR
D672G:Q686R,-0.631640625,EnsembleMLLR
D672G:Q686P,-0.53984375,EnsembleMLLR
D672G:Q686L,-0.8734375000000001,EnsembleMLLR
D672G:Q686K,-0.23945312500000002,EnsembleMLLR
D672G:Q686H,-0.69453125,EnsembleMLLR
D672G:N698Y,-3.5748046875000004,EnsembleMLLR
D672G:N698T,-1.26015625,EnsembleMLLR
D672G:S679P,-1.061328125,EnsembleMLLR
D672G:E674D,-0.34062499999999996,EnsembleMLLR
D672G:V689L,-0.798828125,EnsembleMLLR
D672G:V695A,0.47773437500000004,EnsembleMLLR
D672H,-1.34375,EnsembleMLLR
D672G:Y681N,0.748046875,EnsembleMLLR
D672G:Y681H,0.4800781249999999,EnsembleMLLR
D672G:Y681F,-0.40195312499999997,EnsembleMLLR
D672G:Y681D,0.8609375,EnsembleMLLR
D672G:Y681C,-4.7595703125,EnsembleMLLR
D672G:V711L,-1.0345703125,EnsembleMLLR
D672G:V711I,-1.2837890625,EnsembleMLLR
D672G:V711G,-4.759765625,EnsembleMLLR
D672G:V711F,-3.0845703125,EnsembleMLLR
D672G:V711D,-13.6361328125,EnsembleMLLR
D672G:V711A,-1.037890625,EnsembleMLLR
D672G:V689M,-1.8269531250000002,EnsembleMLLR
D672G:V710L,-0.58955078125,EnsembleMLLR
D672G:V710G,-2.95703125,EnsembleMLLR
D672G:V710D,-13.8513671875,EnsembleMLLR
D672G:V710A,-0.80390625,EnsembleMLLR
D672G:V707M,-3.07255859375,EnsembleMLLR
D672G:V707L,-2.24267578125,EnsembleMLLR
D672G:V707G,-5.8271484375,EnsembleMLLR
D672G:V707E,-11.682421875000001,EnsembleMLLR
D672G:V707A,-2.115234375,EnsembleMLLR
D672G:V695M,-1.8296875,EnsembleMLLR
D672G:V695L,-0.682421875,EnsembleMLLR
D672G:V695G,0.5734375,EnsembleMLLR
D672G:V695E,0.9048828124999999,EnsembleMLLR
D672G:V710I,-1.4673828125,EnsembleMLLR
D672G:D694Y,-2.891796875,EnsembleMLLR
D672G:D694V,-1.9794921875,EnsembleMLLR
D672G:D694N,-1.3357421875,EnsembleMLLR
D672E:G704E,-12.053301620483397,EnsembleMLLR
D672E:G700S,-1.14326171875,EnsembleMLLR
D672E:G700R,-6.076586914062499,EnsembleMLLR
D672E:G700D,-4.650097656250001,EnsembleMLLR
D672E:G700C,-9.5689453125,EnsembleMLLR
D672E:G696V,-1.0296875,EnsembleMLLR
D672E:G696S,0.8447265625,EnsembleMLLR
D672E:G696R,-1.3246093749999999,EnsembleMLLR
D672E:G696D,-0.339453125,EnsembleMLLR
D672E:G696C,-6.245703125,EnsembleMLLR
D672E:G696A,-0.01601562499999999,EnsembleMLLR
D672E:G680V,0.09023437499999998,EnsembleMLLR
D672E:G680R,-0.3859375,EnsembleMLLR
D672E:G680E,0.005273437499999999,EnsembleMLLR
D672E:F691Y,0.110546875,EnsembleMLLR
D672E:F691V,2.623046875,EnsembleMLLR
D672E:F691S,3.3029296875000003,EnsembleMLLR
D672E:F691L,1.6203125,EnsembleMLLR
D672E:F691I,1.4728515625,EnsembleMLLR
D672E:F690Y,0.45468749999999997,EnsembleMLLR
D672E:F690V,1.5796875000000001,EnsembleMLLR
D672E:F690S,3.6748046875,EnsembleMLLR
D672E:F690L,1.7109375,EnsembleMLLR
D672E:F690I,0.7472656249999999,EnsembleMLLR
D672E:F675Y,0.1982421875,EnsembleMLLR
D672E:G704R,-11.903427886962891,EnsembleMLLR
D672E:G704V,-7.505438995361328,EnsembleMLLR
D672E:G708A,-1.681494140625,EnsembleMLLR
D672E:G708C,-3.543701171875,EnsembleMLLR
D672E:H685R,0.18789062499999998,EnsembleMLLR
D672E:H685Q,0.5087890625,EnsembleMLLR
D672E:H685P,0.364453125,EnsembleMLLR
D672E:H685N,0.3333984375,EnsembleMLLR
D672E:H685L,-0.42109375,EnsembleMLLR
D672E:H684Y,-1.073828125,EnsembleMLLR
D672E:H684R,0.31953125,EnsembleMLLR
D672E:H684Q,0.36289062499999997,EnsembleMLLR
D672E:H684N,0.209375,EnsembleMLLR
D672E:H684L,0.7015625,EnsembleMLLR
D672E:H677Y,-0.24570312500000002,EnsembleMLLR
D672E:H677R,0.35429687499999996,EnsembleMLLR
D672E:F675S,1.5671875,EnsembleMLLR
D672E:H677Q,0.33359375,EnsembleMLLR
D672E:H677N,-0.3076171875,EnsembleMLLR
D672E:H677L,-0.16875,EnsembleMLLR
D672E:H677D,1.1500000000000001,EnsembleMLLR
D672E:G709V,-3.1726928710937496,EnsembleMLLR
D672E:G709S,-1.9617675781250001,EnsembleMLLR
D672E:G709D,-11.773510742187499,EnsembleMLLR
D672E:G709C,-3.1798095703125,EnsembleMLLR
D672E:G709A,-0.773583984375,EnsembleMLLR
D672E:G708V,-2.7437011718749997,EnsembleMLLR
D672E:G708S,-3.2795654296875,EnsembleMLLR
D672E:G708R,-10.64951171875,EnsembleMLLR
D672E:G708D,-11.146533203125,EnsembleMLLR
D672E:H677P,1.3156249999999998,EnsembleMLLR
D672E:F675L,1.4039062500000001,EnsembleMLLR
D672E:F675I,1.105859375,EnsembleMLLR
D672E:E693V,-2.0712890625,EnsembleMLLR
D672E:A701T,-2.291748046875,EnsembleMLLR
D672E:A701S,-2.792724609375,EnsembleMLLR
D672E:A701P,-2.7986328125,EnsembleMLLR
D672E:A701E,-6.546337890625,EnsembleMLLR
D672E:A692V,-0.7962890625,EnsembleMLLR
D672E:A692T,-0.034375,EnsembleMLLR
D672E:A692S,0.6765625,EnsembleMLLR
D672E:A692P,0.004296874999999992,EnsembleMLLR
D672E:A692G,0.596875,EnsembleMLLR
D672E:A692E,0.750390625,EnsembleMLLR
D672E:A673V,-0.29609375000000004,EnsembleMLLR
D672E:A673T,0.319921875,EnsembleMLLR
D672E:A701V,-1.0369628906250001,EnsembleMLLR
D672E:A673S,0.576953125,EnsembleMLLR
D672E:A673E,0.8644531249999999,EnsembleMLLR
D672E,0.05625,EnsembleMLLR
D672C,-6.443359375,EnsembleMLLR
D672A:Q686H,-0.231640625,EnsembleMLLR
D672A:L688S,1.807421875,EnsembleMLLR
D672A:L688M,-0.668359375,EnsembleMLLR
D672A:K699R,0.1181640625,EnsembleMLLR
D672A:G700C,-10.106054687499999,EnsembleMLLR
D672A:F691L,1.3681640625,EnsembleMLLR
D672A:F690L,1.3755859375,EnsembleMLLR
D672A:F690I,0.6031249999999999,EnsembleMLLR
D672A:E682D,-0.13906249999999998,EnsembleMLLR
D672E:A673P,0.020312499999999997,EnsembleMLLR
D672E:H685Y,-1.5802734375,EnsembleMLLR
D672E:A713E,-12.6632080078125,EnsembleMLLR
D672E:A713S,-3.634375,EnsembleMLLR
D672E:E693K,-1.1498046875,EnsembleMLLR
D672E:E693G,-0.6984375,EnsembleMLLR
D672E:E693D,0.17382812499999997,EnsembleMLLR
D672E:E682V,-0.3458984375,EnsembleMLLR
D672E:E682K,-0.65078125,EnsembleMLLR
D672E:E682G,0.067578125,EnsembleMLLR
D672E:E682D,0.1798828125,EnsembleMLLR
D672E:E682A,-0.06328125000000001,EnsembleMLLR
D672E:E674V,-0.48476562500000003,EnsembleMLLR
D672E:E674K,-0.49375,EnsembleMLLR
D672E:E674G,0.415234375,EnsembleMLLR
D672E:E674D,0.4337890625,EnsembleMLLR
D672E:A713G,-2.862841796875,EnsembleMLLR
D672E:E674A,0.11875,EnsembleMLLR
D672E:D694V,-1.6158203125,EnsembleMLLR
D672E:D694N,-0.898046875,EnsembleMLLR
D672E:D694G,-0.6732421875000001,EnsembleMLLR
D672E:D694E,-0.05156249999999998,EnsembleMLLR
D672E:D678Y,-2.153125,EnsembleMLLR
D672E:D678V,-0.2916015625,EnsembleMLLR
D672E:D678N,-0.3640625,EnsembleMLLR
D672E:D678G,0.1595703125,EnsembleMLLR
D672E:D678E,0.380859375,EnsembleMLLR
D672E:D678A,-0.2119140625,EnsembleMLLR
D672E:A713V,-1.427734375,EnsembleMLLR
D672E:A713T,-2.7110107421875,EnsembleMLLR
D672E:D694Y,-3.022265625,EnsembleMLLR
D672N:E682K,-1.06875,EnsembleMLLR
D672E:I702F,-3.8732421875000003,EnsembleMLLR
D672E:I702T,-3.2197265625,EnsembleMLLR
D672E:Y681C,-4.08125,EnsembleMLLR
D672E:V711L,0.3787109375,EnsembleMLLR
D672E:V711I,-0.7228515625,EnsembleMLLR
D672E:V711F,-2.2757812499999996,EnsembleMLLR
D672E:V711D,-12.793554687499999,EnsembleMLLR
D672E:V711A,0.36933593750000004,EnsembleMLLR
D672E:V710L,-0.19003906249999997,EnsembleMLLR
D672E:V710I,-1.05009765625,EnsembleMLLR
D672E:V710F,-3.223828125,EnsembleMLLR
D672E:V710D,-12.810742187499999,EnsembleMLLR
D672E:V710A,-0.29501953124999997,EnsembleMLLR
D672E:V707M,-2.3791015625000003,EnsembleMLLR
D672E:V707L,-1.625,EnsembleMLLR
D672E:V707E,-11.358984374999999,EnsembleMLLR
D672E:V707A,-1.595458984375,EnsembleMLLR
D672E:V695M,-0.8357421875000001,EnsembleMLLR
D672E:V695L,-0.29374999999999996,EnsembleMLLR
D672E:V695G,1.5904296875,EnsembleMLLR
D672E:V695E,1.5529296875,EnsembleMLLR
D672E:V695A,1.0251953125,EnsembleMLLR
D672E:V689M,-1.0263671875,EnsembleMLLR
D672E:V689L,-0.1650390625,EnsembleMLLR
D672E:V689G,1.95341796875,EnsembleMLLR
D672E:V689E,0.7572265625,EnsembleMLLR
D672E:V689A,1.9435546875,EnsembleMLLR
D672E:Y681F,0.3123046875,EnsembleMLLR
D672E:Y681H,1.318359375,EnsembleMLLR
D672E:Y681N,1.5314453125,EnsembleMLLR
D672F,-1.79453125,EnsembleMLLR
D672G:D694G,-1.0056640625,EnsembleMLLR
D672G:D694E,-0.40859375,EnsembleMLLR
D672G:D678Y,-2.109765625,EnsembleMLLR
D672G:D678V,-0.62578125,EnsembleMLLR
D672G:D678N,-1.07734375,EnsembleMLLR
D672G:D678G,-0.35859375,EnsembleMLLR
D672G:D678E,-0.4677734375,EnsembleMLLR
D672G:A713V,-1.921484375,EnsembleMLLR
D672G:A713T,-3.489404296875,EnsembleMLLR
D672G:A713S,-4.0136962890625,EnsembleMLLR
D672G:A713E,-12.519287109375,EnsembleMLLR
D672G:A701V,-1.889599609375,EnsembleMLLR
D672E:V683I,-0.571484375,EnsembleMLLR
D672G:A701T,-2.02099609375,EnsembleMLLR
D672G:A701P,-2.70947265625,EnsembleMLLR
D672G:A701E,-7.080615234375,EnsembleMLLR
D672G:A692V,-1.10546875,EnsembleMLLR
D672G:A692T,-0.6455078125,EnsembleMLLR
D672G:A692S,-0.17734374999999997,EnsembleMLLR
D672G:A692E,0.2900390625,EnsembleMLLR
D672G:A673V,-0.77265625,EnsembleMLLR
D672G:A673T,-0.07656249999999998,EnsembleMLLR
D672G:A673S,-0.15625,EnsembleMLLR
D672G:A673P,-0.5892578125,EnsembleMLLR
D672G:A673E,0.008007812500000044,EnsembleMLLR
D672G,-0.553515625,EnsembleMLLR
D672G:A701S,-3.230224609375,EnsembleMLLR
D672E:V683F,-1.3517578125,EnsembleMLLR
D672E:V683D,0.4013671875,EnsembleMLLR
D672E:V683A,0.17265625,EnsembleMLLR
D672E:L688W,-3.724609375,EnsembleMLLR
D672E:L688S,2.2701171875,EnsembleMLLR
D672E:L688M,-0.4966796875,EnsembleMLLR
D672E:L688F,-1.264453125,EnsembleMLLR
D672E:K699T,-0.021777343749999997,EnsembleMLLR
D672E:K699R,0.459765625,EnsembleMLLR
D672E:K699Q,-1.1501953125,EnsembleMLLR
D672E:K699N,-3.1427734375000003,EnsembleMLLR
D672E:K699I,-3.68515625,EnsembleMLLR
D672E:K699E,-4.862890625,EnsembleMLLR
D672E:K687T,0.107421875,EnsembleMLLR
D672E:K687R,0.2005859375,EnsembleMLLR
D672E:L705F,-4.57384033203125,EnsembleMLLR
D672E:K687Q,0.1837890625,EnsembleMLLR
D672E:K687I,-1.1037109375,EnsembleMLLR
D672E:K687E,0.667578125,EnsembleMLLR
D672E:I712V,0.6708984375,EnsembleMLLR
D672E:I712T,-3.2658203125,EnsembleMLLR
D672E:I712M,-1.01015625,EnsembleMLLR
D672E:I712L,1.3779296875,EnsembleMLLR
D672E:I712K,-11.333203125,EnsembleMLLR
D672E:I703V,-1.216162109375,EnsembleMLLR
D672E:I703T,-4.62861328125,EnsembleMLLR
D672E:I703N,-11.259033203125,EnsembleMLLR
D672E:I703F,-5.657421875,EnsembleMLLR
D672E:I702V,-0.40507812499999996,EnsembleMLLR
D672E:K687N,0.29765624999999996,EnsembleMLLR
D672E:I702N,-6.88349609375,EnsembleMLLR
D672E:L705H,-12.0670654296875,EnsembleMLLR
D672E:L705P,-8.451708984375,EnsembleMLLR
D672E:S697T,-0.14648437500000003,EnsembleMLLR
D672E:S697P,-1.312890625,EnsembleMLLR
D672E:S697L,-0.5675781249999999,EnsembleMLLR
D672E:S679T,-0.12187499999999998,EnsembleMLLR
D672E:S679P,-0.27890625,EnsembleMLLR
D672E:S679L,-0.37421875000000004,EnsembleMLLR
D672E:R676Q,0.17265625,EnsembleMLLR
D672E:R676L,0.64765625,EnsembleMLLR
D672E:Q686R,0.1794921875,EnsembleMLLR
D672E:Q686P,0.144921875,EnsembleMLLR
D672E:Q686L,-0.9191406249999999,EnsembleMLLR
D672E:Q686K,0.2908203125,EnsembleMLLR
D672E:L705I,-2.508416748046875,EnsembleMLLR
D672E:Q686H,-0.031054687499999983,EnsembleMLLR
D672E:N698Y,-3.7259765625,EnsembleMLLR
D672E:N698S,-0.21284179687500002,EnsembleMLLR
D672E:N698K,-2.075537109375,EnsembleMLLR
D672E:N698I,-5.2302734375,EnsembleMLLR
D672E:N698H,-1.3371093749999998,EnsembleMLLR
D672E:N698D,-2.71591796875,EnsembleMLLR
D672E:M706V,1.04453125,EnsembleMLLR
D672E:M706T,-2.6941406249999997,EnsembleMLLR
D672E:M706L,3.53707275390625,EnsembleMLLR
D672E:M706K,-8.0984375,EnsembleMLLR
D672E:M706I,1.5291015625,EnsembleMLLR
D672E:L705R,-11.8881591796875,EnsembleMLLR
D672E:Q686E,0.8718750000000001,EnsembleMLLR
D672N:E682V,-0.9828125,EnsembleMLLR
D672N:E693D,-0.6421874999999999,EnsembleMLLR
D672N:E693G,-1.1583984375,EnsembleMLLR
D672V:V683G,-0.11289062499999997,EnsembleMLLR
D672V:V683F,-2.453125,EnsembleMLLR
D672V:V683D,-0.1234375,EnsembleMLLR
D672V:V683A,-0.2390625,EnsembleMLLR
D672V:S697T,-1.15390625,EnsembleMLLR
D672V:S697P,-2.3630859375,EnsembleMLLR
D672V:S697L,-0.8662109375,EnsembleMLLR
D672V:S679T,-1.047265625,EnsembleMLLR
D672V:S679P,-1.3279296875000002,EnsembleMLLR
D672V:S679L,-0.60546875,EnsembleMLLR
D672V:S679A,-0.6,EnsembleMLLR
D672V:R676Q,-0.4921875,EnsembleMLLR
D672V:R676P,-0.19140625,EnsembleMLLR
D672V:R676L,-0.6802734374999999,EnsembleMLLR
D672V:R676G,-0.33789062500000006,EnsembleMLLR
D672V:Q686R,-0.55234375,EnsembleMLLR
D672V:Q686P,-0.332421875,EnsembleMLLR
D672V:Q686L,-1.4679687499999998,EnsembleMLLR
D672V:Q686K,-0.57265625,EnsembleMLLR
D672V:Q686H,-1.05625,EnsembleMLLR
D672V:Q686E,-0.20332031250000004,EnsembleMLLR
D672V:N698Y,-4.950488281249999,EnsembleMLLR
D672V:N698V,-4.7273681640625,EnsembleMLLR
D672V:N698T,-2.85244140625,EnsembleMLLR
D672V:N698S,-0.50625,EnsembleMLLR
D672V:V683I,-1.028125,EnsembleMLLR
D672V:V683L,-1.18203125,EnsembleMLLR
D672V:V689A,0.7552734375000001,EnsembleMLLR
D672V:V689E,0.26328125,EnsembleMLLR
D672V:Y681H,0.97421875,EnsembleMLLR
D672V:Y681F,-0.15390625000000002,EnsembleMLLR
D672V:Y681C,-5.1507812500000005,EnsembleMLLR
D672V:V711L,-0.08344726562499993,EnsembleMLLR
D672V:V711I,-1.675390625,EnsembleMLLR
D672V:V711F,-2.7771484375,EnsembleMLLR
D672V:V711D,-13.52578125,EnsembleMLLR
D672V:V711A,-0.54921875,EnsembleMLLR
D672V:V710L,-1.18046875,EnsembleMLLR
D672V:V710I,-1.6021484375,EnsembleMLLR
D672V:V710F,-2.937890625,EnsembleMLLR
D672V:V710D,-13.77421875,EnsembleMLLR
D672V:N698K,-3.3284179687499997,EnsembleMLLR
D672V:V710A,-0.9896484375000001,EnsembleMLLR
D672V:V707L,-1.758935546875,EnsembleMLLR
D672V:V707G,-4.519287109375,EnsembleMLLR
D672V:V707E,-11.370019531250001,EnsembleMLLR
D672V:V707A,-1.934326171875,EnsembleMLLR
D672V:V695M,-1.5328125000000001,EnsembleMLLR
D672V:V695L,-0.9490234375,EnsembleMLLR
D672V:V695G,0.42246093750000013,EnsembleMLLR
D672V:V695E,0.8539062500000001,EnsembleMLLR
D672V:V695A,-0.3033203124999999,EnsembleMLLR
D672V:V689M,-1.841015625,EnsembleMLLR
D672V:V689L,-0.39296875,EnsembleMLLR
D672V:V689G,1.2732421875000002,EnsembleMLLR
D672V:V707M,-3.56181640625,EnsembleMLLR
D672V:N698I,-5.19921875,EnsembleMLLR
D672V:N698H,-3.1146484375,EnsembleMLLR
D672V:N698D,-3.9142578125000003,EnsembleMLLR
D672V:I712N,-12.678125,EnsembleMLLR
D672V:I712M,-2.426953125,EnsembleMLLR
D672V:I712L,0.9133300781250001,EnsembleMLLR
D672V:I712K,-11.92421875,EnsembleMLLR
D672V:I703V,-2.111669921875,EnsembleMLLR
D672V:I703T,-5.545068359375,EnsembleMLLR
D672V:I703S,-9.6425537109375,EnsembleMLLR
D672V:I703N,-12.707373046875,EnsembleMLLR
D672V:I703M,-5.0842041015625,EnsembleMLLR
D672V:I703F,-6.318994140625,EnsembleMLLR
D672V:I702V,-1.07197265625,EnsembleMLLR
D672V:I702T,-4.6864257812500005,EnsembleMLLR
D672V:I712T,-3.2839843749999997,EnsembleMLLR
D672V:I702S,-7.50400390625,EnsembleMLLR
D672V:I702F,-4.13779296875,EnsembleMLLR
D672V:H685Y,-2.8226562499999996,EnsembleMLLR
D672V:H685R,-0.9654296874999999,EnsembleMLLR
D672V:H685Q,-0.592578125,EnsembleMLLR
D672V:H685P,-0.305859375,EnsembleMLLR
D672V:H685N,0.21992187500000002,EnsembleMLLR
D672V:H685L,-1.11171875,EnsembleMLLR
D672V:H685D,0.7878906250000001,EnsembleMLLR
D672V:H684Y,-1.8328125,EnsembleMLLR
D672V:H684R,-0.785546875,EnsembleMLLR
D672V:H684Q,-0.016015625000000033,EnsembleMLLR
D672V:H684P,-0.13808593750000003,EnsembleMLLR
D672V:I702N,-9.12578125,EnsembleMLLR
D672V:Y681N,0.633984375,EnsembleMLLR
D672V:I712V,0.1597656249999999,EnsembleMLLR
D672V:K687I,-1.70859375,EnsembleMLLR
D672V:M706V,0.19785156250000002,EnsembleMLLR
D672V:M706T,-2.7345703125,EnsembleMLLR
D672V:M706R,-8.95078125,EnsembleMLLR
D672V:M706L,3.21971435546875,EnsembleMLLR
D672V:M706K,-8.417578124999999,EnsembleMLLR
D672V:M706I,0.7318359375,EnsembleMLLR
D672V:L705V,-3.3722412109375,EnsembleMLLR
D672V:L705R,-12.7988037109375,EnsembleMLLR
D672V:L705P,-9.4234619140625,EnsembleMLLR
D672V:L705I,-4.07130126953125,EnsembleMLLR
D672V:L705H,-13.137792968749999,EnsembleMLLR
D672V:L705F,-5.1084045410156245,EnsembleMLLR
D672V:K687E,0.29121093749999993,EnsembleMLLR
D672V:L688W,-4.471875,EnsembleMLLR
D672V:L688M,-1.4753906250000002,EnsembleMLLR
D672V:L688F,-1.52265625,EnsembleMLLR
D672V:K699T,-1.0970703125,EnsembleMLLR
D672V:K699R,-0.25236816406249996,EnsembleMLLR
D672V:K699Q,-2.15625,EnsembleMLLR
D672V:K699N,-3.3324218749999996,EnsembleMLLR
D672V:K699I,-2.660546875,EnsembleMLLR
D672V:K699E,-4.21171875,EnsembleMLLR
D672V:K687T,-0.9720703125,EnsembleMLLR
D672V:K687R,-0.9982421875,EnsembleMLLR
D672V:K687Q,-0.099609375,EnsembleMLLR
D672V:K687N,-0.7724609375,EnsembleMLLR
D672V:L688S,1.0499999999999998,EnsembleMLLR
D672V:H684N,-0.2390625,EnsembleMLLR
D672Y,-2.34453125,EnsembleMLLR
D672Y:A673P,-2.066015625,EnsembleMLLR
D672Y:N698Y,-6.434912109375,EnsembleMLLR
D672Y:N698I,-7.25703125,EnsembleMLLR
D672Y:N698D,-4.7556640625,EnsembleMLLR
D672Y:M706V,-1.2318359375,EnsembleMLLR
D672Y:M706T,-5.0505859375,EnsembleMLLR
D672Y:M706L,1.36907958984375,EnsembleMLLR
D672Y:M706K,-10.929101562500001,EnsembleMLLR
D672Y:M706I,-0.4568359375000002,EnsembleMLLR
D672Y:L705P,-12.028515625,EnsembleMLLR
D672Y:L705H,-15.4211669921875,EnsembleMLLR
D672Y:L688S,-1.212109375,EnsembleMLLR
D672Y:L688M,-2.9029296875,EnsembleMLLR
D672Y:L688F,-3.5960937499999996,EnsembleMLLR
D672Y:K699R,-2.3759765625,EnsembleMLLR
D672Y:K699N,-5.7611328125,EnsembleMLLR
D672Y:K699I,-5.7537109375,EnsembleMLLR
D672Y:K699E,-6.8501953124999995,EnsembleMLLR
D672Y:K687R,-2.51015625,EnsembleMLLR
D672Y:K687N,-2.7404296875000003,EnsembleMLLR
D672Y:K687I,-4.107421875,EnsembleMLLR
D672Y:K687E,-1.443359375,EnsembleMLLR
D672Y:I712V,-1.86240234375,EnsembleMLLR
D672Y:I712T,-5.042187500000001,EnsembleMLLR
D672Y:I712M,-3.19453125,EnsembleMLLR
D672Y:I712L,-0.90947265625,EnsembleMLLR
D672Y:Q686H,-2.9386718750000003,EnsembleMLLR
D672Y:Q686L,-3.4423828125,EnsembleMLLR
D672Y:Q686P,-1.83203125,EnsembleMLLR
D672Y:Q686R,-2.459765625,EnsembleMLLR
D672Y:Y681N,-0.962109375,EnsembleMLLR
D672Y:Y681C,-7.481640625,EnsembleMLLR
D672Y:V711I,-3.87890625,EnsembleMLLR
D672Y:V711D,-15.652734375,EnsembleMLLR
D672Y:V711A,-2.16748046875,EnsembleMLLR
D672Y:V710D,-15.33154296875,EnsembleMLLR
D672Y:V710A,-2.22646484375,EnsembleMLLR
D672Y:V707M,-5.80537109375,EnsembleMLLR
D672Y:V707E,-13.545458984375,EnsembleMLLR
D672Y:V707A,-3.941796875,EnsembleMLLR
D672Y:V695E,-0.5724609375,EnsembleMLLR
D672Y:V695A,-2.2320312500000004,EnsembleMLLR
D672Y:I712K,-13.5427734375,EnsembleMLLR
D672Y:V689M,-3.4449218750000004,EnsembleMLLR
D672Y:V689A,-1.1947265625,EnsembleMLLR
D672Y:V683I,-3.205859375,EnsembleMLLR
D672Y:V683G,-2.646875,EnsembleMLLR
D672Y:V683D,-2.1435546875,EnsembleMLLR
D672Y:V683A,-2.106640625,EnsembleMLLR
D672Y:S697T,-3.435546875,EnsembleMLLR
D672Y:S697P,-3.489453125,EnsembleMLLR
D672Y:S697L,-4.157421875,EnsembleMLLR
D672Y:S679T,-2.390234375,EnsembleMLLR
D672Y:S679P,-2.890234375,EnsembleMLLR
D672Y:R676Q,-2.5554687499999997,EnsembleMLLR
D672Y:R676L,-1.940625,EnsembleMLLR
D672Y:V689E,-1.7695312500000002,EnsembleMLLR
D672Y:I703V,-4.0026123046875,EnsembleMLLR
D672Y:I703T,-7.960742187499999,EnsembleMLLR
D672Y:I703N,-13.1876953125,EnsembleMLLR
D672Y:F690L,-1.096484375,EnsembleMLLR
D672Y:F690I,-1.419921875,EnsembleMLLR
D672Y:F675Y,-2.54296875,EnsembleMLLR
D672Y:F675S,-1.1503906250000002,EnsembleMLLR
D672Y:F675L,-1.0648437499999999,EnsembleMLLR
D672Y:F675I,-1.3207031249999999,EnsembleMLLR
D672Y:E693V,-4.487109375,EnsembleMLLR
D672Y:E693G,-3.3876953125,EnsembleMLLR
D672Y:E693D,-2.8005859375,EnsembleMLLR
D672Y:E682V,-3.0554687499999997,EnsembleMLLR
D672Y:E682G,-2.6412109375,EnsembleMLLR
D672Y:E682D,-2.0035156250000004,EnsembleMLLR
D672Y:F690Y,-1.7320312500000001,EnsembleMLLR
D672Y:E674V,-2.40859375,EnsembleMLLR
D672Y:D694E,-3.14375,EnsembleMLLR
D672Y:D678V,-3.28671875,EnsembleMLLR
D672Y:D678E,-2.8427734375,EnsembleMLLR
D672Y:A713V,-3.6103515625,EnsembleMLLR
D672Y:A713T,-5.43251953125,EnsembleMLLR
D672Y:A713S,-6.4649658203125,EnsembleMLLR
D672Y:A701V,-3.4656982421875,EnsembleMLLR
D672Y:A701T,-3.7873046875,EnsembleMLLR
D672Y:A692V,-3.1640625,EnsembleMLLR
D672Y:A692T,-2.80234375,EnsembleMLLR
D672Y:A673V,-2.318359375,EnsembleMLLR
D672Y:A673T,-3.030859375,EnsembleMLLR
D672Y:D694G,-3.3416015624999997,EnsembleMLLR
D672Y:A673E,-1.7767578125,EnsembleMLLR
D672Y:F691I,-1.58984375,EnsembleMLLR
D672Y:F691S,0.3310546875,EnsembleMLLR
D672Y:I703F,-7.1830078125,EnsembleMLLR
D672Y:I702V,-3.2095703125000004,EnsembleMLLR
D672Y:I702T,-6.8230957031249995,EnsembleMLLR
D672Y:I702N,-10.675,EnsembleMLLR
D672Y:I702F,-6.019921875,EnsembleMLLR
D672Y:H685R,-2.316796875,EnsembleMLLR
D672Y:H685Q,-2.077734375,EnsembleMLLR
D672Y:H685L,-2.94140625,EnsembleMLLR
D672Y:H684R,-2.2916015625,EnsembleMLLR
D672Y:H684Q,-2.187890625,EnsembleMLLR
D672Y:H684L,-2.68671875,EnsembleMLLR
D672Y:H677R,-1.8683593749999998,EnsembleMLLR
D672Y:F691L,-0.8046875,EnsembleMLLR
D672Y:H677Q,-2.248828125,EnsembleMLLR
D672Y:G709S,-5.1390625,EnsembleMLLR
D672Y:G709C,-5.7942626953125,EnsembleMLLR
D672Y:G708V,-4.4090087890625,EnsembleMLLR
D672Y:G708S,-5.8216552734375,EnsembleMLLR
D672Y:G708D,-14.135546875,EnsembleMLLR
D672Y:G708C,-6.852294921875,EnsembleMLLR
D672Y:G704R,-14.676661682128907,EnsembleMLLR
D672Y:G700C,-12.201562500000001,EnsembleMLLR
D672Y:G696S,-1.7435546875,EnsembleMLLR
D672Y:G696D,-3.23125,EnsembleMLLR
D672Y:G696C,-8.661328124999999,EnsembleMLLR
D672Y:F691Y,-1.8542968750000002,EnsembleMLLR
D672Y:H677L,-2.3646484375,EnsembleMLLR
D672A:A701V,-2.559423828125,EnsembleMLLR
D672V:H684L,-0.091015625,EnsembleMLLR
D672V:H677R,-0.40078125,EnsembleMLLR
D672N:M706K,-9.0439453125,EnsembleMLLR
D672N:M706I,0.9193359375,EnsembleMLLR
D672N:L705P,-9.869534301757813,EnsembleMLLR
D672N:L705I,-3.0422698974609377,EnsembleMLLR
D672N:L705H,-13.235266113281249,EnsembleMLLR
D672N:L705F,-5.0859008789062505,EnsembleMLLR
D672N:L688S,1.4541015624999998,EnsembleMLLR
D672N:L688M,-1.0484375,EnsembleMLLR
D672N:L688F,-2.1474609375,EnsembleMLLR
D672N:K699T,-1.85546875,EnsembleMLLR
D672N:K699R,0.37167968749999997,EnsembleMLLR
D672N:K699Q,-2.0443359375,EnsembleMLLR
D672N:K699N,-2.916796875,EnsembleMLLR
D672N:K699I,-3.787890625,EnsembleMLLR
D672N:K699E,-5.3316406249999995,EnsembleMLLR
D672N:K687T,-0.696875,EnsembleMLLR
D672N:K687R,-0.5769531250000001,EnsembleMLLR
D672N:K687Q,-0.34140625,EnsembleMLLR
D672N:K687N,-0.390234375,EnsembleMLLR
D672N:K687I,-2.1167968750000004,EnsembleMLLR
D672N:K687E,0.1597656249999999,EnsembleMLLR
D672N:I712V,0.20820312500000004,EnsembleMLLR
D672N:I712T,-3.76640625,EnsembleMLLR
D672N:I712M,-1.8693359375,EnsembleMLLR
D672N:I712L,0.76904296875,EnsembleMLLR
D672N:M706L,3.51480712890625,EnsembleMLLR
D672N:M706T,-3.5773437500000003,EnsembleMLLR
D672N:M706V,0.4693359375,EnsembleMLLR
D672N:N698D,-3.5001953125,EnsembleMLLR
D672N:V689M,-1.631640625,EnsembleMLLR
D672N:V689L,-0.883203125,EnsembleMLLR
D672N:V689G,1.1759765624999998,EnsembleMLLR
D672N:V689E,0.23476562499999998,EnsembleMLLR
D672N:V689A,1.165234375,EnsembleMLLR
D672N:V683L,-0.798046875,EnsembleMLLR
D672N:V683I,-1.198046875,EnsembleMLLR
D672N:V683F,-2.179296875,EnsembleMLLR
D672N:V683D,-0.035937499999999956,EnsembleMLLR
D672N:V683A,-0.2890625,EnsembleMLLR
D672N:S697T,-0.9859375,EnsembleMLLR
D672N:S697P,-1.7349609375,EnsembleMLLR
D672N:I712K,-11.795703125,EnsembleMLLR
D672N:S697L,-2.2689453125,EnsembleMLLR
D672N:S679P,-1.1042968750000002,EnsembleMLLR
D672N:R676Q,-0.49296875000000007,EnsembleMLLR
D672N:R676P,-0.19355468750000004,EnsembleMLLR
D672N:R676L,-0.06328125000000001,EnsembleMLLR
D672N:Q686R,-0.579296875,EnsembleMLLR
D672N:Q686L,-1.0087890625,EnsembleMLLR
D672N:Q686K,-0.5251953125,EnsembleMLLR
D672N:Q686H,-0.7208984375,EnsembleMLLR
D672N:N698Y,-4.5743896484375,EnsembleMLLR
D672N:N698S,-1.09130859375,EnsembleMLLR
D672N:N698I,-4.57890625,EnsembleMLLR
D672N:N698H,-3.07734375,EnsembleMLLR
D672N:S679T,-0.756640625,EnsembleMLLR
D672N:I703V,-2.1394287109375,EnsembleMLLR
D672N:I703T,-5.99755859375,EnsembleMLLR
D672N:I703N,-12.004150390625,EnsembleMLLR
D672N:G704E,-12.218148040771485,EnsembleMLLR
D672N:G700V,-4.337841796875,EnsembleMLLR
D672N:G700S,-2.5366699218749997,EnsembleMLLR
D672N:G700D,-5.499658203125,EnsembleMLLR
D672N:G700C,-10.299755859375,EnsembleMLLR
D672N:G696S,0.22890624999999998,EnsembleMLLR
D672N:G696D,-0.66328125,EnsembleMLLR
D672N:G696C,-7.651171875,EnsembleMLLR
D672N:G680V,-0.8113281250000001,EnsembleMLLR
D672N:G680R,-1.189453125,EnsembleMLLR
D672N:G680E,-0.520703125,EnsembleMLLR
D672N:F691Y,-0.033203125,EnsembleMLLR
D672N:G704R,-12.290186309814453,EnsembleMLLR
D672N:F691S,2.2986328124999997,EnsembleMLLR
D672N:F691I,0.5693359375,EnsembleMLLR
D672N:F690Y,0.09882812499999993,EnsembleMLLR
D672N:F690V,1.6281250000000003,EnsembleMLLR
D672N:F690S,2.67578125,EnsembleMLLR
D672N:F690L,1.028515625,EnsembleMLLR
D672N:F690I,0.306640625,EnsembleMLLR
D672N:F675Y,-0.348828125,EnsembleMLLR
D672N:F675S,0.8710937499999999,EnsembleMLLR
D672N:F675L,0.7859375,EnsembleMLLR
D672N:F675I,0.46171874999999996,EnsembleMLLR
D672N:E693V,-2.358203125,EnsembleMLLR
D672N:E693K,-1.6091796875,EnsembleMLLR
D672N:F691L,0.9783203125,EnsembleMLLR
D672N:V695A,0.2701171875,EnsembleMLLR
D672N:G704V,-8.195467376708985,EnsembleMLLR
D672N:G708D,-12.768603515625,EnsembleMLLR
D672N:I703F,-5.4724365234375,EnsembleMLLR
D672N:I702V,-0.8726562499999999,EnsembleMLLR
D672N:I702T,-3.8578124999999996,EnsembleMLLR
D672N:I702N,-8.6978515625,EnsembleMLLR
D672N:I702F,-4.15166015625,EnsembleMLLR
D672N:H685Y,-2.35390625,EnsembleMLLR
D672N:H685R,-0.36718749999999994,EnsembleMLLR
D672N:H685Q,-0.335546875,EnsembleMLLR
D672N:H685N,0.14921874999999996,EnsembleMLLR
D672N:H685L,-0.828125,EnsembleMLLR
D672N:H684Y,-1.744140625,EnsembleMLLR
D672N:H684R,-0.283984375,EnsembleMLLR
D672N:G708C,-4.613427734375,EnsembleMLLR
D672N:H684Q,0.08828124999999998,EnsembleMLLR
D672N:H684L,-0.49375,EnsembleMLLR
D672N:H677Y,-1.26640625,EnsembleMLLR
D672N:H677R,-0.140625,EnsembleMLLR
D672N:H677Q,-0.333984375,EnsembleMLLR
D672N:H677P,1.0763671874999998,EnsembleMLLR
D672N:H677L,-0.476171875,EnsembleMLLR
D672N:G709S,-3.47392578125,EnsembleMLLR
D672N:G709D,-12.319775390625,EnsembleMLLR
D672N:G709C,-4.591455078125,EnsembleMLLR
D672N:G709A,-1.211761474609375,EnsembleMLLR
D672N:G708V,-3.7011962890624996,EnsembleMLLR
D672N:G708S,-3.3260009765625,EnsembleMLLR
D672N:H684N,-0.29609375000000004,EnsembleMLLR
D672V:H677Y,-0.9896484375,EnsembleMLLR
D672N:V695E,0.9830078124999999,EnsembleMLLR
D672N:V695L,-0.95625,EnsembleMLLR
D672V:G680A,-0.6640625,EnsembleMLLR
D672V:F691Y,-0.430078125,EnsembleMLLR
D672V:F691V,1.4339843749999999,EnsembleMLLR
D672V:F691S,1.703125,EnsembleMLLR
D672V:F691L,0.928515625,EnsembleMLLR
D672V:F691I,0.48671875,EnsembleMLLR
D672V:F691C,-3.53671875,EnsembleMLLR
D672V:F690Y,-0.19257812499999993,EnsembleMLLR
D672V:F690V,1.41796875,EnsembleMLLR
D672V:F690S,2.6886718750000003,EnsembleMLLR
D672V:F690L,0.5121093749999999,EnsembleMLLR
D672V:F690I,0.25507812499999993,EnsembleMLLR
D672V:F690C,-4.47890625,EnsembleMLLR
D672V:F675Y,-0.8285156250000001,EnsembleMLLR
D672V:F675S,1.091015625,EnsembleMLLR
D672V:F675L,0.876171875,EnsembleMLLR
D672V:F675I,0.35429687500000007,EnsembleMLLR
D672V:E693V,-2.544140625,EnsembleMLLR
D672V:E693K,-1.96875,EnsembleMLLR
D672V:E693G,-1.4869140625,EnsembleMLLR
D672V:E693D,-0.814453125,EnsembleMLLR
D672V:E693A,-1.3703124999999998,EnsembleMLLR
D672V:E682V,-0.955078125,EnsembleMLLR
D672V:E682K,-1.480078125,EnsembleMLLR
D672V:E682G,-0.7621093750000001,EnsembleMLLR
D672V:G680D,-0.5218750000000001,EnsembleMLLR
D672V:G680E,-0.78515625,EnsembleMLLR
D672V:G680R,-1.1140625000000002,EnsembleMLLR
D672V:G680V,-0.9171875,EnsembleMLLR
D672V:H677Q,-0.69609375,EnsembleMLLR
D672V:H677P,0.9060546875000001,EnsembleMLLR
D672V:H677N,-0.648046875,EnsembleMLLR
D672V:H677L,-0.708203125,EnsembleMLLR
D672V:H677D,0.2552734375000001,EnsembleMLLR
D672V:G709V,-3.5081542968750004,EnsembleMLLR
D672V:G709S,-3.90045166015625,EnsembleMLLR
D672V:G709R,-13.81302490234375,EnsembleMLLR
D672V:G709D,-11.9029296875,EnsembleMLLR
D672V:G709C,-4.04375,EnsembleMLLR
D672V:G708V,-2.17548828125,EnsembleMLLR
D672V:G708S,-4.329833984375,EnsembleMLLR
D672V:E682D,-0.9203125000000001,EnsembleMLLR
D672V:G708R,-10.852368164062499,EnsembleMLLR
D672V:G708C,-4.8520263671874995,EnsembleMLLR
D672V:G704V,-10.406555557250977,EnsembleMLLR
D672V:G704R,-11.839728546142577,EnsembleMLLR
D672V:G704E,-13.108267211914063,EnsembleMLLR
D672V:G700S,-2.398193359375,EnsembleMLLR
D672V:G700D,-5.607373046875,EnsembleMLLR
D672V:G700C,-11.80789794921875,EnsembleMLLR
D672V:G696V,-1.9484374999999998,EnsembleMLLR
D672V:G696S,-0.011914062500000044,EnsembleMLLR
D672V:G696R,-1.9833984375,EnsembleMLLR
D672V:G696D,-0.900390625,EnsembleMLLR
D672V:G696C,-7.15078125,EnsembleMLLR
D672V:G708D,-11.997753906249999,EnsembleMLLR
D672V:E674V,-1.2144531250000001,EnsembleMLLR
D672V:E674K,-1.27734375,EnsembleMLLR
D672V:E674G,-0.6410156250000001,EnsembleMLLR
D672V:A692E,0.31445312499999994,EnsembleMLLR
D672V:A673V,-0.9322265624999999,EnsembleMLLR
D672V:A673T,-0.7910156249999999,EnsembleMLLR
D672V:A673S,0.03671874999999997,EnsembleMLLR
D672V:A673P,-0.44140625,EnsembleMLLR
D672V:A673G,-0.5671875,EnsembleMLLR
D672V:A673E,-0.08066406250000002,EnsembleMLLR
D672V,-0.759375,EnsembleMLLR
D672T,-0.865234375,EnsembleMLLR
D672S,-0.3205078125,EnsembleMLLR
D672N:Y681N,0.557421875,EnsembleMLLR
D672N:Y681H,0.6197265624999999,EnsembleMLLR
D672V:A692G,-0.29414062500000004,EnsembleMLLR
D672N:Y681F,-0.33710937500000004,EnsembleMLLR
D672N:V711I,-1.2939453125,EnsembleMLLR
D672N:V711G,-3.9806640625,EnsembleMLLR
D672N:V711D,-13.3904296875,EnsembleMLLR
D672N:V711A,-0.0023437500000000333,EnsembleMLLR
D672N:V710I,-1.7578125,EnsembleMLLR
D672N:V710D,-13.728613281249999,EnsembleMLLR
D672N:V710A,-0.90244140625,EnsembleMLLR
D672N:V707M,-3.406494140625,EnsembleMLLR
D672N:V707L,-2.171142578125,EnsembleMLLR
D672N:V707E,-11.62236328125,EnsembleMLLR
D672N:V707A,-2.655517578125,EnsembleMLLR
D672N:V695M,-1.6519531250000001,EnsembleMLLR
D672N:Y681C,-4.617578125,EnsembleMLLR
D672N:V695G,0.8138671874999999,EnsembleMLLR
D672V:A692P,-0.949609375,EnsembleMLLR
D672V:A692T,-1.132421875,EnsembleMLLR
D672V:E674D,-0.43476562500000004,EnsembleMLLR
D672V:D694Y,-3.5654296875,EnsembleMLLR
D672V:D694V,-2.97109375,EnsembleMLLR
D672V:D694N,-1.4074218749999998,EnsembleMLLR
D672V:D694G,-1.2642578125,EnsembleMLLR
D672V:D694E,-0.4345703125,EnsembleMLLR
D672V:D678Y,-2.975390625,EnsembleMLLR
D672V:D678V,-1.4851562500000002,EnsembleMLLR
D672V:D678N,-0.725390625,EnsembleMLLR
D672V:D678H,-0.833984375,EnsembleMLLR
D672V:D678G,-0.7437499999999999,EnsembleMLLR
D672V:D678E,-0.47871093750000004,EnsembleMLLR
D672V:A692S,-0.6304687500000001,EnsembleMLLR
D672V:D678A,-0.95,EnsembleMLLR
D672V:A713T,-3.5705078125000003,EnsembleMLLR
D672V:A713S,-5.0645507812499995,EnsembleMLLR
D672V:A713P,-9.853515625,EnsembleMLLR
D672V:A713G,-3.809765625,EnsembleMLLR
D672V:A713E,-12.60615234375,EnsembleMLLR
D672V:A701V,-1.322412109375,EnsembleMLLR
D672V:A701T,-2.7934814453125,EnsembleMLLR
D672V:A701S,-3.0890136718749996,EnsembleMLLR
D672V:A701P,-3.2105468750000004,EnsembleMLLR
D672V:A701G,-5.1482910156249995,EnsembleMLLR
D672V:A701E,-7.840185546875,EnsembleMLLR
D672V:A692V,-1.544921875,EnsembleMLLR
D672V:A713V,-1.841259765625,EnsembleMLLR
D672A,-0.26328125,EnsembleMLLR
A673D,0.41484375,EnsembleMLLR
A673S:D678G,0.4609375,EnsembleMLLR
A673T:H677Y,-0.8109375,EnsembleMLLR
A673T:H677R,0.49335937500000004,EnsembleMLLR
A673T:H677Q,0.156640625,EnsembleMLLR
A673T:H677L,0.18085937500000002,EnsembleMLLR
A673T:G709S,-1.681396484375,EnsembleMLLR
A673T:G709D,-10.8271728515625,EnsembleMLLR
A673T:G709C,-3.708251953125,EnsembleMLLR
A673T:G708V,-2.413232421875,EnsembleMLLR
A673T:G708S,-3.75572509765625,EnsembleMLLR
A673T:G708D,-11.817529296875,EnsembleMLLR
A673T:G708C,-3.802099609375,EnsembleMLLR
A673T:G704R,-11.551061248779298,EnsembleMLLR
A673T:G704E,-11.951976013183593,EnsembleMLLR
A673T:G700S,-1.9615234375,EnsembleMLLR
A673T:G700D,-4.4047607421875,EnsembleMLLR
A673T:G700C,-9.889440917968749,EnsembleMLLR
A673T:G696S,0.80234375,EnsembleMLLR
A673T:F675L,1.673046875,EnsembleMLLR
A673T:F675S,1.33828125,EnsembleMLLR
A673T:F675Y,0.17890625000000002,EnsembleMLLR
A673T:F690I,1.016796875,EnsembleMLLR
A673T:F690L,1.8519531249999999,EnsembleMLLR
A673T:F690Y,0.5609375,EnsembleMLLR
A673T:H684L,0.31328124999999996,EnsembleMLLR
A673T:F691I,1.39296875,EnsembleMLLR
A673T:F691S,3.38125,EnsembleMLLR
A673T:F691Y,0.343359375,EnsembleMLLR
A673T:G680E,0.28828125,EnsembleMLLR
A673T:G680V,0.021484375,EnsembleMLLR
A673T:G696C,-7.0126953125,EnsembleMLLR
A673T:G696D,-0.8984374999999999,EnsembleMLLR
A673T:F691L,1.7671875,EnsembleMLLR
A673T:H684Q,0.41953125,EnsembleMLLR
A673T:H684R,0.15898437499999998,EnsembleMLLR
A673T:H684Y,-0.9816406249999999,EnsembleMLLR
A673T:K687E,1.046875,EnsembleMLLR
A673T:K687I,-1.397265625,EnsembleMLLR
A673T:K687N,0.4671875,EnsembleMLLR
A673T:K687R,0.05781249999999999,EnsembleMLLR
A673T:K699E,-3.4958984375,EnsembleMLLR
A673T:K699I,-3.426171875,EnsembleMLLR
A673T:I712V,1.03876953125,EnsembleMLLR
A673T:K699N,-2.537109375,EnsembleMLLR
A673T:L688F,-1.3031249999999999,EnsembleMLLR
A673T:L688M,-0.5480468749999999,EnsembleMLLR
A673T:L688S,2.075,EnsembleMLLR
A673T:L705F,-4.084765625,EnsembleMLLR
A673T:L705I,-1.9087890625,EnsembleMLLR
A673T:L705P,-8.950854492187501,EnsembleMLLR
A673T:K699R,0.970751953125,EnsembleMLLR
A673T:F675I,1.36328125,EnsembleMLLR
A673T:I712T,-2.498046875,EnsembleMLLR
A673T:I712L,0.966015625,EnsembleMLLR
A673T:H685L,-0.44062500000000004,EnsembleMLLR
A673T:H685N,0.458203125,EnsembleMLLR
A673T:H685P,0.711328125,EnsembleMLLR
A673T:H685Q,0.725,EnsembleMLLR
A673T:H685R,0.195703125,EnsembleMLLR
A673T:I702F,-3.63515625,EnsembleMLLR
A673T:I712M,-1.3759765625,EnsembleMLLR
A673T:I702N,-8.00556640625,EnsembleMLLR
A673T:I702V,-0.30947265625000003,EnsembleMLLR
A673T:I703F,-5.4384765625,EnsembleMLLR
A673T:I703N,-11.616748046875,EnsembleMLLR
A673T:I703T,-5.0285400390625,EnsembleMLLR
A673T:I703V,-1.3718017578125,EnsembleMLLR
A673T:I712K,-11.384374999999999,EnsembleMLLR
A673T:I702T,-3.66005859375,EnsembleMLLR
A673T:M706I,1.26171875,EnsembleMLLR
A673T:E693V,-1.4568359375,EnsembleMLLR
A673T:E693D,0.21406250000000002,EnsembleMLLR
A673S:V710A,-0.20693359375000003,EnsembleMLLR
A673S:V707M,-2.407177734375,EnsembleMLLR
A673S:V707E,-11.16171875,EnsembleMLLR
A673S:V707A,-1.5009765625,EnsembleMLLR
A673S:V695M,-0.7199218749999999,EnsembleMLLR
A673S:V695L,-0.229296875,EnsembleMLLR
A673S:V695E,1.8677734375000001,EnsembleMLLR
A673S:V695A,1.149609375,EnsembleMLLR
A673S:V689M,-0.739453125,EnsembleMLLR
A673S:V689E,0.7359375,EnsembleMLLR
A673S:V689A,1.98515625,EnsembleMLLR
A673S:V683I,-0.3734375,EnsembleMLLR
A673S:V683G,0.292578125,EnsembleMLLR
A673S:V683D,0.517578125,EnsembleMLLR
A673S:V683A,0.58046875,EnsembleMLLR
A673S:S697T,-0.13007812500000004,EnsembleMLLR
A673S:S697P,-0.7457031250000001,EnsembleMLLR
A673S:M706L,4.71181640625,EnsembleMLLR
A673S:M706T,-1.5921875,EnsembleMLLR
A673S:M706V,1.5902343749999999,EnsembleMLLR
A673S:N698D,-2.61806640625,EnsembleMLLR
A673S:N698I,-5.02587890625,EnsembleMLLR
A673S:N698S,-0.04267578125000002,EnsembleMLLR
A673S:V710D,-12.1892578125,EnsembleMLLR
A673S:N698Y,-3.19814453125,EnsembleMLLR
A673S:Q686K,0.45703125,EnsembleMLLR
A673S:Q686L,-0.603515625,EnsembleMLLR
A673S:Q686R,0.5496093750000001,EnsembleMLLR
A673S:S679P,0.284375,EnsembleMLLR
A673S:S679T,0.06796875000000002,EnsembleMLLR
A673S:S697L,-1.01875,EnsembleMLLR
A673S:Q686H,0.144140625,EnsembleMLLR
A673S:V711A,0.209765625,EnsembleMLLR
A673S:V711D,-12.7474609375,EnsembleMLLR
A673S:V711I,-0.7292968750000001,EnsembleMLLR
A673T:D678V,0.053515625,EnsembleMLLR
A673T:D678Y,-1.6839843749999999,EnsembleMLLR
A673T:D694E,0.16171875000000002,EnsembleMLLR
A673T:D694G,-0.2287109375,EnsembleMLLR
A673T:D694N,-0.8150390624999999,EnsembleMLLR
A673T:D694V,-1.398046875,EnsembleMLLR
A673T:D678N,-0.2953125,EnsembleMLLR
A673T:E674D,0.32050781250000004,EnsembleMLLR
A673T:E674K,-0.40859375,EnsembleMLLR
A673T:E674V,-0.37773437500000007,EnsembleMLLR
A673T:E682A,0.0234375,EnsembleMLLR
A673T:E682D,0.16328125,EnsembleMLLR
A673T:E682G,-0.069140625,EnsembleMLLR
A673T:E682V,-0.06601562500000002,EnsembleMLLR
A673T:E674G,0.6423828125,EnsembleMLLR
A673T:E693G,-0.43476562500000004,EnsembleMLLR
A673T:D678G,0.201171875,EnsembleMLLR
A673T:A713V,-0.88681640625,EnsembleMLLR
A673S:Y681C,-3.4261718749999996,EnsembleMLLR
A673S:Y681F,0.476171875,EnsembleMLLR
A673S:Y681N,1.902734375,EnsembleMLLR
A673T,0.234375,EnsembleMLLR
A673T:A692E,0.9642578125,EnsembleMLLR
A673T:A692T,0.015234375000000022,EnsembleMLLR
A673T:D678E,0.34882812500000004,EnsembleMLLR
A673T:A692V,-0.14218750000000002,EnsembleMLLR
A673T:A701G,-3.630419921875,EnsembleMLLR
A673T:A701T,-1.698486328125,EnsembleMLLR
A673T:A701V,-1.1375,EnsembleMLLR
A673T:A713E,-12.46669921875,EnsembleMLLR
A673T:A713S,-3.882373046875,EnsembleMLLR
A673T:A713T,-2.5828857421875,EnsembleMLLR
A673T:A701E,-6.72822265625,EnsembleMLLR
A673S:M706K,-8.25703125,EnsembleMLLR
A673T:M706K,-8.423828125,EnsembleMLLR
A673T:M706T,-1.801953125,EnsembleMLLR
A673V:G709S,-3.8415283203125004,EnsembleMLLR
A673V:G709D,-11.16405029296875,EnsembleMLLR
A673V:G709C,-3.9635498046874997,EnsembleMLLR
A673V:G708V,-1.612939453125,EnsembleMLLR
A673V:G708S,-3.7677001953125,EnsembleMLLR
A673V:G708D,-12.66494140625,EnsembleMLLR
A673V:G708C,-3.52744140625,EnsembleMLLR
A673V:G704R,-12.938992309570313,EnsembleMLLR
A673V:G704E,-11.767931365966797,EnsembleMLLR
A673V:G700S,-2.2953125,EnsembleMLLR
A673V:G700D,-5.371020507812499,EnsembleMLLR
A673V:G700C,-10.397998046875,EnsembleMLLR
A673V:G696S,0.23300781249999997,EnsembleMLLR
A673V:G696D,-1.145703125,EnsembleMLLR
A673V:G696C,-7.721484374999999,EnsembleMLLR
A673V:G680E,-0.087109375,EnsembleMLLR
A673V:F691Y,0.17265625,EnsembleMLLR
A673V:E693G,-0.9144531250000001,EnsembleMLLR
A673V:E693V,-2.060546875,EnsembleMLLR
A673V:F675I,0.6531250000000001,EnsembleMLLR
A673V:F675L,1.071484375,EnsembleMLLR
A673V:F675S,1.1222656249999998,EnsembleMLLR
A673V:F675Y,-0.23945312500000002,EnsembleMLLR
A673V:G709V,-2.333837890625,EnsembleMLLR
A673V:F690I,0.6796875,EnsembleMLLR
A673V:F690S,3.008203125,EnsembleMLLR
A673V:F690Y,0.419921875,EnsembleMLLR
A673V:F691I,1.0160156249999999,EnsembleMLLR
A673V:F691L,1.522265625,EnsembleMLLR
A673V:F691S,3.176171875,EnsembleMLLR
A673V:F691V,2.5746093749999996,EnsembleMLLR
A673V:F690L,1.038671875,EnsembleMLLR
A673V:H677L,-0.19335937499999997,EnsembleMLLR
A673V:H677Q,-0.04257812499999997,EnsembleMLLR
A673V:H677R,-0.08476562500000001,EnsembleMLLR
A673V:I703V,-1.4060791015625,EnsembleMLLR
A673V:I712K,-11.355859375,EnsembleMLLR
A673V:I712L,1.442041015625,EnsembleMLLR
A673V:I712M,-1.7980468749999998,EnsembleMLLR
A673V:I712T,-2.268359375,EnsembleMLLR
A673V:I712V,0.40185546875,EnsembleMLLR
A673V:I703T,-5.720849609375,EnsembleMLLR
A673V:K687E,0.40703125,EnsembleMLLR
A673V:K687N,-0.18046875,EnsembleMLLR
A673V:K687R,-0.269140625,EnsembleMLLR
A673V:K699E,-5.530859375,EnsembleMLLR
A673V:K699I,-3.294921875,EnsembleMLLR
A673V:K699N,-2.710546875,EnsembleMLLR
A673V:K699Q,-1.9158203125000002,EnsembleMLLR
A673V:K687I,-1.922265625,EnsembleMLLR
A673V:E693D,-0.5021484375,EnsembleMLLR
A673V:I703N,-11.4862060546875,EnsembleMLLR
A673V:I702V,-0.8037109375,EnsembleMLLR
A673V:H677Y,-1.31484375,EnsembleMLLR
A673V:H684L,-0.150390625,EnsembleMLLR
A673V:H684N,-0.387109375,EnsembleMLLR
A673V:H684Q,-0.20703125000000003,EnsembleMLLR
A673V:H684R,-0.223046875,EnsembleMLLR
A673V:H684Y,-1.4578125,EnsembleMLLR
A673V:I703F,-5.363720703125,EnsembleMLLR
A673V:H685L,-1.333203125,EnsembleMLLR
A673V:H685Q,-0.09648437500000001,EnsembleMLLR
A673V:H685R,-0.11835937499999999,EnsembleMLLR
A673V:H685Y,-2.29140625,EnsembleMLLR
A673V:I702F,-3.49951171875,EnsembleMLLR
A673V:I702N,-8.296582031249999,EnsembleMLLR
A673V:I702T,-4.05126953125,EnsembleMLLR
A673V:H685N,0.44765625,EnsembleMLLR
A673T:M706L,3.7545166015625,EnsembleMLLR
A673V:E682V,-0.568359375,EnsembleMLLR
A673V:E682G,-0.016015625000000006,EnsembleMLLR
A673T:V707M,-2.5252929687499996,EnsembleMLLR
A673T:V707E,-11.740625,EnsembleMLLR
A673T:V707A,-2.095068359375,EnsembleMLLR
A673T:V695M,-0.9753906250000001,EnsembleMLLR
A673T:V695E,1.6285156250000001,EnsembleMLLR
A673T:V695A,0.888671875,EnsembleMLLR
A673T:V689M,-0.9871093750000001,EnsembleMLLR
A673T:V689E,0.55625,EnsembleMLLR
A673T:V689A,1.8411132812500002,EnsembleMLLR
A673T:V683I,-0.432421875,EnsembleMLLR
A673T:V683D,0.54765625,EnsembleMLLR
A673T:V683A,0.27421875,EnsembleMLLR
A673T:S697T,-0.36015625,EnsembleMLLR
A673T:S697P,-1.0929687499999998,EnsembleMLLR
A673T:S697L,-0.4154296875,EnsembleMLLR
A673T:S697A,-0.1251953125,EnsembleMLLR
A673T:S679T,-0.078515625,EnsembleMLLR
A673T:M706V,1.4484375,EnsembleMLLR
A673T:N698D,-3.3117187500000003,EnsembleMLLR
A673T:N698I,-5.03310546875,EnsembleMLLR
A673T:N698S,-0.05556640624999998,EnsembleMLLR
A673T:N698Y,-3.6121093749999997,EnsembleMLLR
A673T:Q686H,-0.20546875,EnsembleMLLR
A673T:V710A,-0.89326171875,EnsembleMLLR
A673T:Q686K,0.180859375,EnsembleMLLR
A673T:Q686P,0.265625,EnsembleMLLR
A673T:Q686R,0.186328125,EnsembleMLLR
A673T:R676L,0.739453125,EnsembleMLLR
A673T:R676Q,0.39296875,EnsembleMLLR
A673T:S679L,-0.3078125,EnsembleMLLR
A673T:S679P,-0.3875,EnsembleMLLR
A673T:Q686L,-0.56171875,EnsembleMLLR
A673T:V710D,-13.0935546875,EnsembleMLLR
A673T:V710I,-0.8826171875,EnsembleMLLR
A673T:V711A,1.1364501953125001,EnsembleMLLR
A673V:A713T,-2.629736328125,EnsembleMLLR
A673V:A713V,-2.002587890625,EnsembleMLLR
A673V:D678E,-0.258984375,EnsembleMLLR
A673V:D678G,-0.02070312499999999,EnsembleMLLR
A673V:D678V,-0.50859375,EnsembleMLLR
A673V:D678Y,-1.7578125,EnsembleMLLR
A673V:A713S,-4.123974609375,EnsembleMLLR
A673V:D694E,-0.25722656250000003,EnsembleMLLR
A673V:D694V,-1.6390624999999999,EnsembleMLLR
A673V:E674D,0.0,EnsembleMLLR
A673V:E674G,0.05429687500000001,EnsembleMLLR
A673V:E674K,-0.72265625,EnsembleMLLR
A673V:E674V,-0.560546875,EnsembleMLLR
A673V:E682D,-0.203125,EnsembleMLLR
A673V:D694G,-0.905859375,EnsembleMLLR
A673V:E682K,-0.898046875,EnsembleMLLR
A673V:A713E,-12.2767578125,EnsembleMLLR
A673V:A701T,-2.5408203125,EnsembleMLLR
A673T:V711D,-12.2005859375,EnsembleMLLR
A673T:V711G,-3.6046875,EnsembleMLLR
A673T:V711I,-0.823046875,EnsembleMLLR
A673T:V711L,0.16171875,EnsembleMLLR
A673T:Y681C,-4.40234375,EnsembleMLLR
A673T:Y681F,0.272265625,EnsembleMLLR
A673V:A701V,-2.12412109375,EnsembleMLLR
A673T:Y681H,1.474609375,EnsembleMLLR
A673V,-0.09296875,EnsembleMLLR
A673V:A692E,0.4595703125,EnsembleMLLR
A673V:A692S,0.134765625,EnsembleMLLR
A673V:A692T,-0.44804687499999996,EnsembleMLLR
A673V:A692V,-1.125,EnsembleMLLR
A673V:A701G,-3.95078125,EnsembleMLLR
A673T:Y681N,1.4078125000000001,EnsembleMLLR
A673V:K699R,0.37890625,EnsembleMLLR
A673S:M706I,1.867578125,EnsembleMLLR
A673S:L705H,-11.9044921875,EnsembleMLLR
A673E:V683A,0.94453125,EnsembleMLLR
A673E:S697T,-0.17753906250000007,EnsembleMLLR
A673E:S697P,-0.7720703124999999,EnsembleMLLR
A673E:S697L,-0.5146484375,EnsembleMLLR
A673E:S679T,0.40625,EnsembleMLLR
A673E:S679P,0.02695312499999991,EnsembleMLLR
A673E:R676Q,0.702734375,EnsembleMLLR
A673E:R676L,1.1537109375,EnsembleMLLR
A673E:Q686R,0.37089843749999996,EnsembleMLLR
A673E:Q686L,-0.3617187500000001,EnsembleMLLR
A673E:Q686H,0.28515624999999994,EnsembleMLLR
A673E:N698Y,-2.5015625,EnsembleMLLR
A673E:N698S,0.47294921874999996,EnsembleMLLR
A673E:N698I,-4.134570312499999,EnsembleMLLR
A673E:N698D,-2.1169921875,EnsembleMLLR
A673E:M706V,2.294921875,EnsembleMLLR
A673E:M706T,-1.4462890624999998,EnsembleMLLR
A673E:K687R,0.640234375,EnsembleMLLR
A673E:K699E,-3.9845703125000003,EnsembleMLLR
A673E:K699I,-2.6498046874999996,EnsembleMLLR
A673E:K699N,-1.9529296875000002,EnsembleMLLR
A673E:K699R,0.97998046875,EnsembleMLLR
A673E:L688F,-0.9874999999999999,EnsembleMLLR
A673E:V683D,0.8734375000000001,EnsembleMLLR
A673E:L688M,0.21230468749999998,EnsembleMLLR
A673E:L705H,-12.025994873046875,EnsembleMLLR
A673E:L705I,-1.81390380859375,EnsembleMLLR
A673E:L705P,-8.56683349609375,EnsembleMLLR
A673E:M706I,1.565234375,EnsembleMLLR
A673E:M706K,-7.7066406249999995,EnsembleMLLR
A673E:M706L,4.729443359375,EnsembleMLLR
A673E:L688S,2.6,EnsembleMLLR
A673E:V683F,-0.9867187500000001,EnsembleMLLR
A673E:V683I,-0.025195312499999956,EnsembleMLLR
A673E:V689A,2.219921875,EnsembleMLLR
A673E:Y681N,2.044921875,EnsembleMLLR
A673G,0.165234375,EnsembleMLLR
A673G:E682D,0.18671875,EnsembleMLLR
A673G:E682V,-0.0322265625,EnsembleMLLR
A673G:E693D,0.1609375,EnsembleMLLR
A673G:E693G,-0.27714843749999996,EnsembleMLLR
A673E:Y681H,1.6921875,EnsembleMLLR
A673G:F675S,1.4,EnsembleMLLR
A673G:F691L,1.69375,EnsembleMLLR
A673G:G708C,-3.8762207031249996,EnsembleMLLR
A673G:H677R,0.40351562500000004,EnsembleMLLR
A673G:H684R,0.36171875,EnsembleMLLR
A673G:I712L,1.425048828125,EnsembleMLLR
A673G:K687R,0.365234375,EnsembleMLLR
A673G:F691I,1.3125,EnsembleMLLR
A673E:K687N,0.8357421875,EnsembleMLLR
A673E:Y681F,0.7986328125000001,EnsembleMLLR
A673E:V711I,-0.22929687499999996,EnsembleMLLR
A673E:V689E,1.3625,EnsembleMLLR
A673E:V689M,-0.559375,EnsembleMLLR
A673E:V695A,1.3820312499999998,EnsembleMLLR
A673E:V695E,2.21328125,EnsembleMLLR
A673E:V695M,-0.38203124999999993,EnsembleMLLR
A673E:V707A,-1.089306640625,EnsembleMLLR
A673E:Y681C,-3.4357421875,EnsembleMLLR
A673E:V707E,-10.692138671875,EnsembleMLLR
A673E:V707M,-1.5456054687500003,EnsembleMLLR
A673E:V710A,0.34394531249999993,EnsembleMLLR
A673E:V710D,-12.4974609375,EnsembleMLLR
A673E:V710I,-0.130859375,EnsembleMLLR
A673E:V711A,0.5372070312499999,EnsembleMLLR
A673E:V711D,-11.7873046875,EnsembleMLLR
A673E:V707L,-1.2280761718750002,EnsembleMLLR
A673G:K699N,-2.3080078125,EnsembleMLLR
A673E:K687I,-0.776171875,EnsembleMLLR
A673E:I712V,1.7220703125,EnsembleMLLR
A673E:F691I,2.0078125,EnsembleMLLR
A673E:F690Y,1.1533203125,EnsembleMLLR
A673E:F690S,3.9173828125,EnsembleMLLR
A673E:F690L,2.1423828125,EnsembleMLLR
A673E:F690I,1.46171875,EnsembleMLLR
A673E:F675Y,0.7990234375,EnsembleMLLR
A673E:F675S,2.025,EnsembleMLLR
A673E:F675L,2.02109375,EnsembleMLLR
A673E:F675I,1.9185546875,EnsembleMLLR
A673E:E693V,-1.3787109375,EnsembleMLLR
A673E:E693K,-0.4732421875,EnsembleMLLR
A673E:E693G,0.12578125000000007,EnsembleMLLR
A673E:E693D,0.6804687500000001,EnsembleMLLR
A673E:E682V,0.009765625,EnsembleMLLR
A673E:E682G,0.7357421875000001,EnsembleMLLR
A673E:E682D,0.75859375,EnsembleMLLR
A673E:E674V,0.07265624999999998,EnsembleMLLR
A673E,0.6068359375,EnsembleMLLR
A673E:A692E,1.313671875,EnsembleMLLR
A673E:A692T,0.615234375,EnsembleMLLR
A673E:A692V,0.14589843749999998,EnsembleMLLR
A673E:A701T,-0.70751953125,EnsembleMLLR
A673E:A701V,-1.074072265625,EnsembleMLLR
A673E:F691L,2.28046875,EnsembleMLLR
A673E:A713S,-3.6351806640624997,EnsembleMLLR
A673E:A713V,-0.28510742187500004,EnsembleMLLR
A673E:D678V,-0.08046874999999998,EnsembleMLLR
A673E:D694E,0.4419921875,EnsembleMLLR
A673E:D694G,0.13964843750000006,EnsembleMLLR
A673E:D694V,-1.270703125,EnsembleMLLR
A673E:E674K,-0.14121093749999997,EnsembleMLLR
A673E:A713T,-1.986962890625,EnsembleMLLR
A673E:F691S,3.6234374999999996,EnsembleMLLR
A673E:F691Y,0.9,EnsembleMLLR
A673E:G680V,0.744921875,EnsembleMLLR
A673E:H685L,0.19472656249999998,EnsembleMLLR
A673E:H685Q,0.955078125,EnsembleMLLR
A673E:H685R,0.72109375,EnsembleMLLR
A673E:I702F,-2.391796875,EnsembleMLLR
A673E:I702N,-7.4349609375000005,EnsembleMLLR
A673E:I702T,-2.90751953125,EnsembleMLLR
A673E:H684R,0.6625,EnsembleMLLR
A673E:I702V,0.21562499999999996,EnsembleMLLR
A673E:I703T,-4.398291015625,EnsembleMLLR
A673E:I703V,-0.6262695312500001,EnsembleMLLR
A673E:I712K,-10.5447265625,EnsembleMLLR
A673E:I712L,2.248828125,EnsembleMLLR
A673E:I712M,-0.7488281250000001,EnsembleMLLR
A673E:I712T,-1.888671875,EnsembleMLLR
A673E:I703N,-11.4950927734375,EnsembleMLLR
A673E:K687E,1.1171875,EnsembleMLLR
A673E:H684Q,1.1158203125,EnsembleMLLR
A673E:H677Y,-0.05859375,EnsembleMLLR
A673E:G696C,-6.48203125,EnsembleMLLR
A673E:G696D,-0.07734375000000004,EnsembleMLLR
A673E:G696S,1.1847656249999998,EnsembleMLLR
A673E:G696V,-0.844921875,EnsembleMLLR
A673E:G700D,-4.2341552734375,EnsembleMLLR
A673E:G708C,-3.7713867187499996,EnsembleMLLR
A673E:H684L,0.6761718750000001,EnsembleMLLR
A673E:G708D,-11.0716552734375,EnsembleMLLR
A673E:G709C,-3.2791015625,EnsembleMLLR
A673E:G709D,-11.039599609375001,EnsembleMLLR
A673E:G709S,-1.71629638671875,EnsembleMLLR
A673E:H677L,0.8548828125,EnsembleMLLR
A673E:H677Q,0.82734375,EnsembleMLLR
A673E:H677R,0.7052734375,EnsembleMLLR
A673E:G708S,-2.365185546875,EnsembleMLLR
A673S:L705R,-11.216796875,EnsembleMLLR
A673G:K699R,0.91640625,EnsembleMLLR
A673G:M706I,1.601953125,EnsembleMLLR
A673S:G708D,-11.487939453125,EnsembleMLLR
A673S:G708C,-4.108154296875,EnsembleMLLR
A673S:G704R,-11.739846038818358,EnsembleMLLR
A673S:G700C,-9.405664062500001,EnsembleMLLR
A673S:G696S,1.0314453125,EnsembleMLLR
A673S:G696D,-0.33359375,EnsembleMLLR
A673S:G696C,-6.123046875,EnsembleMLLR
A673S:G680R,-0.15078125000000003,EnsembleMLLR
A673S:F691Y,0.802734375,EnsembleMLLR
A673S:F691S,3.3953125,EnsembleMLLR
A673S:F691L,2.316015625,EnsembleMLLR
A673S:F691I,1.426171875,EnsembleMLLR
A673S:F690Y,0.887109375,EnsembleMLLR
A673S:F690V,2.224609375,EnsembleMLLR
A673S:F690L,1.705859375,EnsembleMLLR
A673S:F690I,1.408203125,EnsembleMLLR
A673S:F675Y,0.5187499999999999,EnsembleMLLR
A673S:D694G,-0.28847656250000003,EnsembleMLLR
A673S:D694V,-1.5396484375000001,EnsembleMLLR
A673S:E674G,0.6642578125,EnsembleMLLR
A673S:E674K,-0.06484374999999998,EnsembleMLLR
A673S:E674V,0.004296875000000033,EnsembleMLLR
A673S:E682D,0.22382812500000002,EnsembleMLLR
A673S:G709C,-3.689892578125,EnsembleMLLR
A673S:E682G,0.296484375,EnsembleMLLR
A673S:E693D,0.43027343749999997,EnsembleMLLR
A673S:E693G,-0.20175781249999997,EnsembleMLLR
A673S:E693V,-1.1031250000000001,EnsembleMLLR
A673S:F675I,1.4226562500000002,EnsembleMLLR
A673S:F675L,1.8296875,EnsembleMLLR
A673S:F675S,1.580078125,EnsembleMLLR
A673S:E682V,-0.25351562499999997,EnsembleMLLR
A673S:G709D,-11.082043457031249,EnsembleMLLR
A673S:G709S,-2.4751708984375003,EnsembleMLLR
A673S:H677L,0.646484375,EnsembleMLLR
A673S:I712M,-0.818359375,EnsembleMLLR
A673S:I712T,-2.8785156250000004,EnsembleMLLR
A673S:I712V,1.4254882812499998,EnsembleMLLR
A673S:K687E,1.07734375,EnsembleMLLR
A673S:K687I,-0.6816406250000001,EnsembleMLLR
A673S:K687N,0.523046875,EnsembleMLLR
A673S:I712L,1.6781249999999999,EnsembleMLLR
A673S:K687R,0.27812499999999996,EnsembleMLLR
A673S:K699I,-2.73984375,EnsembleMLLR
A673S:K699N,-2.2830078125,EnsembleMLLR
A673S:K699R,1.37890625,EnsembleMLLR
A673S:L688F,-1.005078125,EnsembleMLLR
A673S:L688S,2.1101562499999997,EnsembleMLLR
A673S:L705F,-4.31927490234375,EnsembleMLLR
A673S:K699E,-4.5080078125,EnsembleMLLR
A673S:D694E,0.42617187500000003,EnsembleMLLR
A673S:I712K,-10.948437499999999,EnsembleMLLR
A673S:I703T,-4.9483154296875,EnsembleMLLR
A673S:H677P,1.7357421875,EnsembleMLLR
A673S:H677Q,0.6625000000000001,EnsembleMLLR
A673S:H677R,0.630078125,EnsembleMLLR
A673S:H684L,-0.025781249999999978,EnsembleMLLR
A673S:H684Q,0.5828125,EnsembleMLLR
A673S:H684R,0.64296875,EnsembleMLLR
A673S:I703V,-0.9656982421875001,EnsembleMLLR
A673S:H685L,-0.030468750000000044,EnsembleMLLR
A673S:H685Q,0.6140625,EnsembleMLLR
A673S:H685R,0.5421875,EnsembleMLLR
A673S:I702F,-2.98583984375,EnsembleMLLR
A673S:I702N,-6.67421875,EnsembleMLLR
A673S:I702V,-0.30644531249999996,EnsembleMLLR
A673S:I703N,-11.371435546875,EnsembleMLLR
A673S:H685N,0.568359375,EnsembleMLLR
A673G:L688S,2.211328125,EnsembleMLLR
A673S:D678V,-0.09843750000000001,EnsembleMLLR
A673S:A713V,-0.879541015625,EnsembleMLLR
A673P:H685L,-0.546875,EnsembleMLLR
A673P:H684Q,0.612109375,EnsembleMLLR
A673P:H677R,0.433203125,EnsembleMLLR
A673P:G709S,-2.0144775390625003,EnsembleMLLR
A673P:G709C,-3.7146972656250004,EnsembleMLLR
A673P:G708S,-3.5291015625,EnsembleMLLR
A673P:G708C,-3.18076171875,EnsembleMLLR
A673P:F691Y,0.49179687499999997,EnsembleMLLR
A673P:F691S,3.309375,EnsembleMLLR
A673P:F691L,1.953515625,EnsembleMLLR
A673P:F690V,1.79453125,EnsembleMLLR
A673P:F690L,1.4789062499999999,EnsembleMLLR
A673P:F690I,0.708984375,EnsembleMLLR
A673P:F675L,1.560546875,EnsembleMLLR
A673P:E693D,0.1298828125,EnsembleMLLR
A673P:E682V,-0.4546875,EnsembleMLLR
A673P:E682D,0.14140624999999998,EnsembleMLLR
A673G:N698D,-3.1076171875,EnsembleMLLR
A673G:N698Y,-3.5923828125,EnsembleMLLR
A673G:Q686L,-0.523828125,EnsembleMLLR
A673G:V683A,0.346875,EnsembleMLLR
A673G:V695E,1.5552734375000001,EnsembleMLLR
A673G:V707E,-11.432861328125,EnsembleMLLR
A673P:H685R,0.366015625,EnsembleMLLR
A673I,-1.61640625,EnsembleMLLR
A673L,-1.083203125,EnsembleMLLR
A673P,0.248046875,EnsembleMLLR
A673P:A713V,-1.19169921875,EnsembleMLLR
A673P:D678G,-0.01484375,EnsembleMLLR
A673P:D694E,0.19472656249999998,EnsembleMLLR
A673P:E674V,-0.25703125,EnsembleMLLR
A673K,0.10703125,EnsembleMLLR
A673P:I702F,-3.34501953125,EnsembleMLLR
A673P:I702N,-8.571875,EnsembleMLLR
A673P:I702T,-3.04609375,EnsembleMLLR
A673P:Q686R,0.18671875,EnsembleMLLR
A673P:S697P,-1.5687499999999999,EnsembleMLLR
A673P:V683A,0.4203125,EnsembleMLLR
A673P:V695E,1.9203124999999999,EnsembleMLLR
A673P:V711D,-12.9986328125,EnsembleMLLR
A673P:Y681F,0.084765625,EnsembleMLLR
A673P:Q686L,-0.9660156249999999,EnsembleMLLR
A673S,0.4765625,EnsembleMLLR
A673S:A692S,0.7406250000000001,EnsembleMLLR
A673S:A692T,0.369140625,EnsembleMLLR
A673S:A692V,-0.25429687500000003,EnsembleMLLR
A673S:A701T,-1.6939453125,EnsembleMLLR
A673S:A701V,-1.277978515625,EnsembleMLLR
A673S:A713S,-4.00068359375,EnsembleMLLR
A673S:A692E,1.033984375,EnsembleMLLR
A673S:D678E,0.614453125,EnsembleMLLR
A673P:Q686H,0.314453125,EnsembleMLLR
A673P:N698D,-3.508203125,EnsembleMLLR
A673P:I703T,-5.0936035156249995,EnsembleMLLR
A673P:I703V,-1.6913330078125,EnsembleMLLR
A673P:I712K,-11.084375000000001,EnsembleMLLR
A673P:I712L,1.8257812500000001,EnsembleMLLR
A673P:I712T,-3.1611328125,EnsembleMLLR
A673P:I712V,1.15078125,EnsembleMLLR
A673P:N698Y,-3.416796875,EnsembleMLLR
A673P:K687I,-1.7320312500000001,EnsembleMLLR
A673P:K699I,-3.48828125,EnsembleMLLR
A673P:K699N,-2.5392578125,EnsembleMLLR
A673P:K699R,0.5636718749999999,EnsembleMLLR
A673P:L688S,1.522265625,EnsembleMLLR
A673P:L705H,-12.193994140625,EnsembleMLLR
A673P:L705P,-8.93663330078125,EnsembleMLLR
A673P:K687T,0.137890625,EnsembleMLLR
A673V:L688F,-1.93984375,EnsembleMLLR
A673T:L705H,-12.281713867187499,EnsembleMLLR
A673V:L688S,0.940625,EnsembleMLLR
A673V:V683G,0.12187499999999998,EnsembleMLLR
A673V:V683I,-0.944921875,EnsembleMLLR
A673V:V689A,1.1150390625000002,EnsembleMLLR
A673V:V689E,0.740625,EnsembleMLLR
A673V:V689G,1.7431640625,EnsembleMLLR
A673V:V689M,-1.603125,EnsembleMLLR
A673V:V695A,0.311328125,EnsembleMLLR
A673V:V695E,1.3390625,EnsembleMLLR
A673V:V695G,1.1808593749999998,EnsembleMLLR
A673V:V695M,-1.178125,EnsembleMLLR
A673V:V707A,-1.8277832031249999,EnsembleMLLR
A673V:V683D,-0.009375000000000022,EnsembleMLLR
A673V:V707E,-12.179980468750001,EnsembleMLLR
A673V:V710A,-0.2767578125,EnsembleMLLR
A673V:V710I,-1.84814453125,EnsembleMLLR
A673V:V711A,0.14189453125,EnsembleMLLR
A673V:V711D,-13.1263671875,EnsembleMLLR
A673V:V711I,-1.0734374999999998,EnsembleMLLR
A673V:V711L,-0.213671875,EnsembleMLLR
A673V:Y681C,-4.783203125,EnsembleMLLR
A673V:Y681F,-0.1734375,EnsembleMLLR
A673V:Y681H,0.7484375000000001,EnsembleMLLR
A673V:Y681N,0.9671875,EnsembleMLLR
A673V:L688M,-1.23359375,EnsembleMLLR
A673V:V707M,-2.8689453125,EnsembleMLLR
A673V:V683A,-0.06015625,EnsembleMLLR
A673V:V710D,-13.242382812499999,EnsembleMLLR
A673V:S697P,-1.3296875,EnsembleMLLR
A673V:L705F,-4.41033935546875,EnsembleMLLR
A673V:S697T,-0.5240234375,EnsembleMLLR
A673V:L705H,-12.38564453125,EnsembleMLLR
A673V:L705I,-1.7615966796875,EnsembleMLLR
A673V:L705P,-9.9821044921875,EnsembleMLLR
A673V:M706I,1.0601562500000001,EnsembleMLLR
A673V:M706L,3.431512451171875,EnsembleMLLR
A673V:M706V,1.181640625,EnsembleMLLR
A673V:N698D,-3.31552734375,EnsembleMLLR
A673V:N698H,-2.2779296875,EnsembleMLLR
A673V:N698I,-5.0568359375,EnsembleMLLR
A673V:N698S,-0.29765625,EnsembleMLLR
A673V:M706T,-2.62421875,EnsembleMLLR
A673V:Q686H,-0.18320312500000002,EnsembleMLLR
A673V:S679T,-0.7078125,EnsembleMLLR
A673V:N698Y,-3.7936523437500003,EnsembleMLLR
A673V:S679P,-0.880859375,EnsembleMLLR
A673V:S679L,-0.702734375,EnsembleMLLR
A673V:S697L,-0.49443359374999996,EnsembleMLLR
A673V:R676P,0.26250000000000007,EnsembleMLLR
A673V:R676Q,-0.07890625000000001,EnsembleMLLR
A673V:Q686R,-0.046875,EnsembleMLLR
A673V:Q686P,-0.040624999999999994,EnsembleMLLR
A673V:Q686L,-1.019140625,EnsembleMLLR
A673V:Q686K,-0.29570312499999996,EnsembleMLLR
A673V:R676L,0.09921874999999997,EnsembleMLLR
E674K:S697L,-1.341796875,EnsembleMLLR
E674K:S679T,-0.666015625,EnsembleMLLR
E674K:S697P,-1.8429687499999998,EnsembleMLLR
E674K:S679P,-0.9144531250000001,EnsembleMLLR
E674K:R676Q,-0.396875,EnsembleMLLR
E674K:R676L,0.064453125,EnsembleMLLR
E674K:N698S,-0.87255859375,EnsembleMLLR
E674K:Q686L,-1.5027343750000002,EnsembleMLLR
E674K:Q686H,-0.6484375,EnsembleMLLR
E674K:N698Y,-4.82421875,EnsembleMLLR
E674K:N698I,-4.8714843750000005,EnsembleMLLR
E674K:S697T,-1.1359374999999998,EnsembleMLLR
E674K:N698H,-3.0642578125,EnsembleMLLR
E674K:Q686R,-0.56875,EnsembleMLLR
E674K:V683A,-0.30585937500000004,EnsembleMLLR
E674K:V710D,-12.8701171875,EnsembleMLLR
E674K:V683I,-1.40078125,EnsembleMLLR
E674K:N698D,-3.21865234375,EnsembleMLLR
E674K:Y681C,-5.727734375,EnsembleMLLR
E674K:V711D,-13.5875,EnsembleMLLR
E674K:V711A,-0.18359375,EnsembleMLLR
E674K:V710I,-1.7427734375,EnsembleMLLR
E674K:V710A,-0.6690429687499999,EnsembleMLLR
E674K:V707M,-3.2663085937500003,EnsembleMLLR
E674K:V707E,-12.068994140625,EnsembleMLLR
E674K:V707A,-1.80078125,EnsembleMLLR
E674K:V695M,-1.3625,EnsembleMLLR
E674K:V695E,1.224609375,EnsembleMLLR
E674K:V695A,0.435546875,EnsembleMLLR
E674K:V689M,-1.81796875,EnsembleMLLR
E674K:V689E,0.19492187500000002,EnsembleMLLR
E674K:V689A,0.8587890624999999,EnsembleMLLR
E674K:V683D,-0.240234375,EnsembleMLLR
E674K:M706V,0.8253906249999999,EnsembleMLLR
E674K:I702N,-7.75341796875,EnsembleMLLR
E674K:M706K,-8.98046875,EnsembleMLLR
E674K:I712K,-12.3287109375,EnsembleMLLR
E674K:I703T,-5.71064453125,EnsembleMLLR
E674K:I703N,-12.256372070312501,EnsembleMLLR
E674K:I703F,-5.7808837890625,EnsembleMLLR
E674K:I702V,-1.11123046875,EnsembleMLLR
E674K:Y681F,-0.5308593749999999,EnsembleMLLR
E674K:I712L,0.76083984375,EnsembleMLLR
E674K:I702F,-3.9984375,EnsembleMLLR
E674K:H685Q,-0.203125,EnsembleMLLR
E674K:H685L,-0.91015625,EnsembleMLLR
E674K:H684R,-0.716796875,EnsembleMLLR
E674K:H684Q,-0.27734375,EnsembleMLLR
E674K:H684L,-0.10468749999999999,EnsembleMLLR
E674K:H677Y,-1.07734375,EnsembleMLLR
E674K:H685Y,-2.025390625,EnsembleMLLR
E674K:M706L,3.342730712890625,EnsembleMLLR
E674K:I712M,-1.714453125,EnsembleMLLR
E674K:I712V,0.28437500000000004,EnsembleMLLR
E674K:L705P,-10.409512329101561,EnsembleMLLR
E674K:L705H,-13.3087890625,EnsembleMLLR
E674K:L705F,-5.49036865234375,EnsembleMLLR
E674K:L688S,1.108984375,EnsembleMLLR
E674K:L688M,-0.98984375,EnsembleMLLR
E674K:L688F,-2.349609375,EnsembleMLLR
E674K:I712T,-3.10234375,EnsembleMLLR
E674K:K699T,-0.8060546875,EnsembleMLLR
E674K:K699N,-3.1558593750000004,EnsembleMLLR
E674K:K699I,-3.9462890625,EnsembleMLLR
E674K:K699E,-4.75390625,EnsembleMLLR
E674K:K687N,-0.41718750000000004,EnsembleMLLR
E674K:K687I,-1.96953125,EnsembleMLLR
E674K:K687E,0.5322265625,EnsembleMLLR
E674K:K699R,0.12880859374999998,EnsembleMLLR
E674K:Y681H,0.825390625,EnsembleMLLR
E674V:D694G,-1.0740234375,EnsembleMLLR
E674L,-0.687890625,EnsembleMLLR
E674V:G696D,-1.53046875,EnsembleMLLR
E674V:G696C,-7.281054687499999,EnsembleMLLR
E674V:G696A,-0.7523437500000001,EnsembleMLLR
E674V:G680E,-0.349609375,EnsembleMLLR
E674V:F691Y,-0.16953125000000002,EnsembleMLLR
E674V:F691V,1.91640625,EnsembleMLLR
E674V:G696S,0.44160156249999993,EnsembleMLLR
E674V:F691S,2.5988281250000003,EnsembleMLLR
E674V:F691I,1.094140625,EnsembleMLLR
E674V:F690Y,0.06093749999999998,EnsembleMLLR
E674V:F690V,1.31015625,EnsembleMLLR
E674V:F690S,2.699609375,EnsembleMLLR
E674V:F690L,0.9988281250000001,EnsembleMLLR
E674V:F690I,0.41171875,EnsembleMLLR
E674V:F691L,1.35703125,EnsembleMLLR
E674V:G700C,-10.1978515625,EnsembleMLLR
E674V:G700D,-5.473828125,EnsembleMLLR
E674V:G700S,-2.4127685546875,EnsembleMLLR
E674G:F690S,3.63046875,EnsembleMLLR
E674V:H677Y,-1.69140625,EnsembleMLLR
E674V:H677R,-0.248046875,EnsembleMLLR
E674V:H677Q,-0.27617187499999996,EnsembleMLLR
E674V:H677L,-0.69609375,EnsembleMLLR
E674V:H677D,0.669140625,EnsembleMLLR
E674V:G709S,-3.5087646484375004,EnsembleMLLR
E674V:G709D,-11.9640380859375,EnsembleMLLR
E674V:G709C,-2.996484375,EnsembleMLLR
E674V:G708V,-3.1021972656249996,EnsembleMLLR
E674V:G708S,-3.7198730468749996,EnsembleMLLR
E674V:G708D,-11.83759765625,EnsembleMLLR
E674V:G708C,-4.47037353515625,EnsembleMLLR
E674V:G704R,-12.840625000000001,EnsembleMLLR
E674V:G704E,-12.079135131835937,EnsembleMLLR
E674V:F675Y,-0.43203125,EnsembleMLLR
E674K:Y681N,0.576171875,EnsembleMLLR
E674V:F675S,0.7101562499999999,EnsembleMLLR
E674V:F675I,0.466796875,EnsembleMLLR
E674V:A701V,-0.9514648437500001,EnsembleMLLR
E674V:A701T,-2.1095458984375,EnsembleMLLR
E674V:A701S,-2.8982177734375,EnsembleMLLR
E674V:A701E,-7.729736328125,EnsembleMLLR
E674V:A692V,-1.52265625,EnsembleMLLR
E674V:A692T,-0.49101562499999996,EnsembleMLLR
E674V:A713E,-12.805224609375,EnsembleMLLR
E674V:A692E,0.16933593750000003,EnsembleMLLR
E674T,-0.362890625,EnsembleMLLR
E674Q:Q686H,-0.9906250000000001,EnsembleMLLR
E674Q:G704E,-13.545321655273437,EnsembleMLLR
E674Q,-1.066796875,EnsembleMLLR
E674N,-0.349609375,EnsembleMLLR
E674M,-1.862890625,EnsembleMLLR
E674V,-0.52578125,EnsembleMLLR
E674V:A713S,-4.8619140624999995,EnsembleMLLR
E674V:A713T,-2.95302734375,EnsembleMLLR
E674V:A713V,-1.9006835937500002,EnsembleMLLR
E674V:E693V,-2.4275390625,EnsembleMLLR
E674V:E693G,-0.8978515625000001,EnsembleMLLR
E674V:E693D,-0.5236328124999999,EnsembleMLLR
E674V:E682V,-0.6312500000000001,EnsembleMLLR
E674V:E682G,-0.608984375,EnsembleMLLR
E674V:E682D,-0.5,EnsembleMLLR
E674V:D694V,-2.2658203125,EnsembleMLLR
E674V:D694N,-1.4564453125,EnsembleMLLR
E674K:H677R,-0.20039062500000004,EnsembleMLLR
E674V:D694E,-0.5578125,EnsembleMLLR
E674V:D678Y,-2.870703125,EnsembleMLLR
E674V:D678V,-1.44140625,EnsembleMLLR
E674V:D678N,-0.777734375,EnsembleMLLR
E674V:D678G,-0.296875,EnsembleMLLR
E674V:D678E,-0.42773437500000006,EnsembleMLLR
E674V:F675L,0.7613281250000001,EnsembleMLLR
E674K:H677Q,-0.24648437499999998,EnsembleMLLR
E674K:E682V,-1.080078125,EnsembleMLLR
E674K:G709S,-3.6993530273437503,EnsembleMLLR
E674G:L688F,-1.19765625,EnsembleMLLR
E674G:K699R,0.855615234375,EnsembleMLLR
E674G:K699N,-2.7435546874999996,EnsembleMLLR
E674G:K699I,-3.271875,EnsembleMLLR
E674G:K699E,-4.912890624999999,EnsembleMLLR
E674G:K687T,0.33046875,EnsembleMLLR
E674G:L688M,-0.45781249999999996,EnsembleMLLR
E674G:K687R,0.23593750000000002,EnsembleMLLR
E674G:K687N,0.4228515625,EnsembleMLLR
E674G:K687I,-1.728515625,EnsembleMLLR
E674G:K687E,0.7378906249999999,EnsembleMLLR
E674G:I712V,0.8486328125,EnsembleMLLR
E674G:I712T,-2.7419921875,EnsembleMLLR
E674G:I712M,-1.294921875,EnsembleMLLR
E674G:K687Q,0.233984375,EnsembleMLLR
E674G:I712L,1.74873046875,EnsembleMLLR
E674G:L688S,1.7142578125,EnsembleMLLR
E674G:L705H,-12.15504150390625,EnsembleMLLR
E674G:Q686K,0.24765625,EnsembleMLLR
E674G:Q686H,0.099609375,EnsembleMLLR
E674G:N698Y,-3.46171875,EnsembleMLLR
E674G:N698S,-0.72998046875,EnsembleMLLR
E674G:N698I,-4.601025390625,EnsembleMLLR
E674G:N698D,-3.160546875,EnsembleMLLR
E674G:L705F,-4.36622314453125,EnsembleMLLR
E674G:M706V,1.82431640625,EnsembleMLLR
E674G:M706K,-8.273828125,EnsembleMLLR
E674G:M706I,1.6349609374999998,EnsembleMLLR
E674G:L705V,-2.6219726562499996,EnsembleMLLR
E674G:L705R,-11.772265625,EnsembleMLLR
E674G:L705P,-10.06669921875,EnsembleMLLR
E674G:L705I,-1.8905090332031251,EnsembleMLLR
E674G:M706L,3.9484130859375,EnsembleMLLR
E674G:I712K,-11.822265625,EnsembleMLLR
E674G:I703V,-1.46986083984375,EnsembleMLLR
E674G:I703T,-4.703295898437499,EnsembleMLLR
E674G:G708V,-0.9028564453125001,EnsembleMLLR
E674G:G708S,-4.017791748046875,EnsembleMLLR
E674G:G708D,-11.488085937500001,EnsembleMLLR
E674G:G708C,-4.0403198242187495,EnsembleMLLR
E674G:G704E,-11.2316463470459,EnsembleMLLR
E674G:G700D,-4.7596435546875,EnsembleMLLR
E674G:G709C,-4.3983398437500005,EnsembleMLLR
E674G:G700C,-9.0364990234375,EnsembleMLLR
E674G:G696D,-0.46425781250000003,EnsembleMLLR
E674G:G696C,-7.1443359375,EnsembleMLLR
E674G:G680A,0.061328125,EnsembleMLLR
E674G:F691Y,0.43203125,EnsembleMLLR
E674G:F691S,2.87265625,EnsembleMLLR
E674G:F691L,1.96015625,EnsembleMLLR
E674G:G696S,0.578515625,EnsembleMLLR
E674G:G709D,-10.860107421875,EnsembleMLLR
E674G:G709S,-2.7421142578125,EnsembleMLLR
E674G:H677L,0.1673828125,EnsembleMLLR
E674G:I703N,-11.20576171875,EnsembleMLLR
E674G:I703F,-5.7835937500000005,EnsembleMLLR
E674G:I702V,-0.31806640625,EnsembleMLLR
E674G:I702T,-3.6794921874999997,EnsembleMLLR
E674G:I702N,-8.4931640625,EnsembleMLLR
E674G:I702F,-3.4529296875,EnsembleMLLR
E674G:H685R,0.155859375,EnsembleMLLR
E674G:H685Q,0.7111328125,EnsembleMLLR
E674G:H685L,-0.7984375,EnsembleMLLR
E674G:H684R,0.250390625,EnsembleMLLR
E674G:H684Q,0.4203125,EnsembleMLLR
E674G:H684L,0.309765625,EnsembleMLLR
E674G:H677Y,-1.18046875,EnsembleMLLR
E674G:H677R,0.511328125,EnsembleMLLR
E674G:H677Q,0.264453125,EnsembleMLLR
E674G:Q686L,-0.0921875,EnsembleMLLR
E674G:Q686R,-0.13828125,EnsembleMLLR
E674G:R676G,0.566015625,EnsembleMLLR
E674G:R676L,0.61328125,EnsembleMLLR
E674K:F675S,0.490625,EnsembleMLLR
E674K:F675L,0.8269531250000001,EnsembleMLLR
E674K:F675I,0.495703125,EnsembleMLLR
E674K:E693V,-2.243359375,EnsembleMLLR
E674K:E693G,-1.090625,EnsembleMLLR
E674K:E693D,-0.55625,EnsembleMLLR
E674K:F675Y,-0.43085937500000004,EnsembleMLLR
E674K:E682K,-1.326953125,EnsembleMLLR
E674K:E682D,-0.2796875,EnsembleMLLR
E674K:D694E,-0.4919921875,EnsembleMLLR
E674K:D678V,-1.267578125,EnsembleMLLR
E674K:A713V,-2.4700927734375,EnsembleMLLR
E674K:A713T,-2.6448974609375,EnsembleMLLR
E674K:A713S,-4.666650390625,EnsembleMLLR
E674K:E682G,-0.571875,EnsembleMLLR
E674K:F690I,0.35468750000000004,EnsembleMLLR
E674K:F690L,0.6890625,EnsembleMLLR
E674K:F690Y,-0.12929687499999998,EnsembleMLLR
E674K:G709D,-11.700146484374999,EnsembleMLLR
E674K:G709C,-4.67158203125,EnsembleMLLR
E674K:G708S,-3.5794921874999996,EnsembleMLLR
E674K:G708C,-4.7502197265624995,EnsembleMLLR
E674K:G704R,-12.532254028320311,EnsembleMLLR
E674K:G704E,-12.303089904785157,EnsembleMLLR
E674K:G700D,-5.4447998046875,EnsembleMLLR
E674K:G700C,-10.5828125,EnsembleMLLR
E674K:G696S,0.09101562500000004,EnsembleMLLR
E674K:G696D,-1.359765625,EnsembleMLLR
E674K:G696C,-7.313671875,EnsembleMLLR
E674K:F691Y,-0.11835937500000004,EnsembleMLLR
E674K:F691S,2.773046875,EnsembleMLLR
E674K:F691L,0.9761718750000001,EnsembleMLLR
E674K:F691I,0.5542968749999999,EnsembleMLLR
E674K:A701V,-2.0419921875,EnsembleMLLR
E674K:H677L,-0.5921875,EnsembleMLLR
E674K:A701T,-2.5375488281250003,EnsembleMLLR
E674K:A692T,-0.70546875,EnsembleMLLR
E674G:V695A,0.9476562500000001,EnsembleMLLR
E674G:V689M,-1.294921875,EnsembleMLLR
E674G:V689L,-0.11484375000000001,EnsembleMLLR
E674G:V689E,0.628125,EnsembleMLLR
E674G:V689A,1.531640625,EnsembleMLLR
E674G:V683I,-0.6396484375,EnsembleMLLR
E674G:V695E,1.3654296874999998,EnsembleMLLR
E674G:V683D,0.5640625,EnsembleMLLR
E674G:S697T,-0.17851562499999998,EnsembleMLLR
E674G:S697P,-1.717578125,EnsembleMLLR
E674G:S697L,-0.4189453125,EnsembleMLLR
E674G:S679T,-0.1296875,EnsembleMLLR
E674G:S679P,-0.196484375,EnsembleMLLR
E674G:R676Q,0.245703125,EnsembleMLLR
E674G:V683A,0.177734375,EnsembleMLLR
E674G:V695G,1.3640625000000002,EnsembleMLLR
E674G:V695L,-0.47656250000000006,EnsembleMLLR
E674G:V707A,-1.7718749999999999,EnsembleMLLR
E674K,-0.521484375,EnsembleMLLR
E674G:Y681N,1.35078125,EnsembleMLLR
E674G:Y681H,1.3451171875,EnsembleMLLR
E674G:Y681F,0.04726562499999999,EnsembleMLLR
E674G:Y681C,-4.546093750000001,EnsembleMLLR
E674G:V711I,-0.6369140625,EnsembleMLLR
E674G:V711G,-3.8859375000000003,EnsembleMLLR
E674G:V711D,-13.4482421875,EnsembleMLLR
E674G:V711A,1.0037109375,EnsembleMLLR
E674G:V710L,-0.1892578125,EnsembleMLLR
E674G:V710I,-1.29169921875,EnsembleMLLR
E674G:V710D,-13.395214843749999,EnsembleMLLR
E674G:V710A,-0.54521484375,EnsembleMLLR
E674G:V707M,-2.748681640625,EnsembleMLLR
E674G:V707E,-11.4146484375,EnsembleMLLR
E674K:A692V,-1.25390625,EnsembleMLLR
E674G:F690L,1.553515625,EnsembleMLLR
E674G:F690Y,0.53203125,EnsembleMLLR
E674G:A692E,0.7732421875,EnsembleMLLR
E674D:N698Y,-3.18388671875,EnsembleMLLR
E674D:N698D,-3.7806640625,EnsembleMLLR
E674D:M706K,-8.40859375,EnsembleMLLR
E674D:L705H,-11.950366210937501,EnsembleMLLR
E674D:L705F,-4.423785400390625,EnsembleMLLR
E674D:L688S,2.2726562500000003,EnsembleMLLR
E674D:L688M,-0.29277343750000007,EnsembleMLLR
E674D:L688F,-1.2671875000000001,EnsembleMLLR
E674D:K699R,0.659423828125,EnsembleMLLR
E674D:K699N,-2.5912109375,EnsembleMLLR
E674D:K699I,-2.6806640625,EnsembleMLLR
E674D:Q686H,0.044921875,EnsembleMLLR
E674D:K699E,-5.5302734375,EnsembleMLLR
E674D:K687N,0.36953125,EnsembleMLLR
E674D:I712V,0.9779296875,EnsembleMLLR
E674D:I712M,-1.435546875,EnsembleMLLR
E674D:I712L,1.29677734375,EnsembleMLLR
E674D:I712K,-11.134375,EnsembleMLLR
E674D:I702V,-0.948828125,EnsembleMLLR
E674D:I702T,-3.44560546875,EnsembleMLLR
E674D:I702F,-3.2859374999999997,EnsembleMLLR
E674D:H685R,0.229296875,EnsembleMLLR
E674D:H685Q,0.43125,EnsembleMLLR
E674D:H685L,0.100390625,EnsembleMLLR
E674D:K687R,0.048828125,EnsembleMLLR
E674D:Q686L,-0.7843749999999999,EnsembleMLLR
E674D:Q686R,0.200390625,EnsembleMLLR
E674D:R676L,0.7205078125,EnsembleMLLR
E674G:D678G,0.11484375000000001,EnsembleMLLR
E674G:D678E,0.066796875,EnsembleMLLR
E674G:A713V,-0.5731445312500001,EnsembleMLLR
E674G:A713S,-3.651025390625,EnsembleMLLR
E674G:A701V,-1.8681884765624999,EnsembleMLLR
E674G:A701T,-1.805419921875,EnsembleMLLR
E674G:A701G,-3.7197753906249997,EnsembleMLLR
E674G:A701E,-7.9342285156250005,EnsembleMLLR
E674G:A692V,-0.405078125,EnsembleMLLR
E674G:A692T,0.0716796875,EnsembleMLLR
E674G,0.151171875,EnsembleMLLR
E674D:Y681N,1.37578125,EnsembleMLLR
E674D:Y681C,-3.85703125,EnsembleMLLR
E674D:V711D,-13.090234375,EnsembleMLLR
E674D:V707M,-2.9291015625,EnsembleMLLR
E674D:V707E,-11.393261718749999,EnsembleMLLR
E674D:V695M,-1.114453125,EnsembleMLLR
E674D:V695E,1.8181640625000002,EnsembleMLLR
E674D:V695A,1.0224609375,EnsembleMLLR
E674D:V689M,-1.0291015625,EnsembleMLLR
E674D:V689E,1.194140625,EnsembleMLLR
E674D:V683A,0.3359375,EnsembleMLLR
E674D:S697T,-0.7464843750000001,EnsembleMLLR
E674D:S697P,-1.6369140625,EnsembleMLLR
E674D:R676Q,0.20664062500000002,EnsembleMLLR
E674D:H684R,0.50546875,EnsembleMLLR
E674G:D678N,-0.425,EnsembleMLLR
E674D:H684Q,0.23945312500000002,EnsembleMLLR
E674D:H684L,0.676953125,EnsembleMLLR
E674D:D694E,0.33476562499999996,EnsembleMLLR
E674D:D678V,-0.05253906249999998,EnsembleMLLR
E674D:D678G,0.371484375,EnsembleMLLR
E674D:A713V,-1.823046875,EnsembleMLLR
E674D:A701V,-2.103173828125,EnsembleMLLR
E674D:A701T,-1.713427734375,EnsembleMLLR
E674D:A692V,-0.6140625000000001,EnsembleMLLR
E674D:A692T,0.09999999999999999,EnsembleMLLR
E674D,0.1677734375,EnsembleMLLR
E674A:V683I,-0.8578125000000001,EnsembleMLLR
E674A:N698D,-4.0666015625,EnsembleMLLR
E674D:D694G,-0.43574218750000004,EnsembleMLLR
E674A:L688S,1.26640625,EnsembleMLLR
E674A:K687I,-1.823046875,EnsembleMLLR
E674A:I712L,1.351025390625,EnsembleMLLR
E674A:H685R,0.013671875,EnsembleMLLR
E674A:H684Q,0.12734375000000003,EnsembleMLLR
E674A:H677L,0.169140625,EnsembleMLLR
E674A:G709S,-3.04443359375,EnsembleMLLR
E674A:G709C,-3.168359375,EnsembleMLLR
E674A:F691L,1.62265625,EnsembleMLLR
E674A:F675S,1.358203125,EnsembleMLLR
E674A:E682D,-0.066015625,EnsembleMLLR
E674A,-0.122265625,EnsembleMLLR
E674A:L688M,-0.979296875,EnsembleMLLR
E674D:E682D,0.22890624999999998,EnsembleMLLR
E674D:E682G,-0.22968750000000002,EnsembleMLLR
E674D:E682V,-0.2830078125,EnsembleMLLR
E674D:H677Y,-0.7117187500000001,EnsembleMLLR
E674D:H677R,0.2923828125,EnsembleMLLR
E674D:H677Q,0.11210937500000001,EnsembleMLLR
E674D:H677L,-0.046484374999999994,EnsembleMLLR
E674D:G709D,-10.8251953125,EnsembleMLLR
E674D:G709C,-4.4030029296875,EnsembleMLLR
E674D:G708C,-3.90654296875,EnsembleMLLR
E674D:G700D,-4.8122802734375005,EnsembleMLLR
E674D:G696S,0.7373046875,EnsembleMLLR
E674D:G696D,-0.2482421875,EnsembleMLLR
E674D:F691Y,0.4169921875,EnsembleMLLR
E674D:F691S,2.9757812500000003,EnsembleMLLR
E674D:F691L,1.642578125,EnsembleMLLR
E674D:F691I,1.2865234375,EnsembleMLLR
E674D:F690V,1.93984375,EnsembleMLLR
E674D:F690L,1.5419921875,EnsembleMLLR
E674D:F690I,0.9914062499999999,EnsembleMLLR
E674D:F675Y,0.3203125,EnsembleMLLR
E674D:F675S,1.4423828125,EnsembleMLLR
E674D:F675L,1.5929687499999998,EnsembleMLLR
E674D:F675I,1.1294921875000001,EnsembleMLLR
E674D:E693V,-1.927734375,EnsembleMLLR
E674D:E693K,-1.3871093749999999,EnsembleMLLR
E674D:E693G,-0.5998046874999999,EnsembleMLLR
E674D:E693D,0.0662109375,EnsembleMLLR
E674D:H684N,0.13046875000000002,EnsembleMLLR
E674G:D678V,-0.20312499999999997,EnsembleMLLR
E674G:A713T,-3.043603515625,EnsembleMLLR
E674G:D694E,-0.1791015625,EnsembleMLLR
E674V:K699I,-3.7095703125,EnsembleMLLR
E674V:K699N,-3.7947265624999997,EnsembleMLLR
E674V:K699R,-0.05625000000000002,EnsembleMLLR
E674V:L688F,-1.928125,EnsembleMLLR
E674V:L688M,-1.147265625,EnsembleMLLR
E674V:L688S,1.17578125,EnsembleMLLR
E674V:L688V,0.07421875,EnsembleMLLR
E674V:L688W,-4.788671875,EnsembleMLLR
E674V:L705F,-5.075518798828125,EnsembleMLLR
E674V:L705H,-14.036865234375,EnsembleMLLR
E674V:L705I,-2.027032470703125,EnsembleMLLR
E674V:L705P,-9.453747558593749,EnsembleMLLR
E674V:L705R,-12.012451171875,EnsembleMLLR
E674V:M706I,1.1056640624999998,EnsembleMLLR
E674V:M706K,-8.345703125,EnsembleMLLR
E674V:M706L,3.1481201171874997,EnsembleMLLR
E674V:M706T,-2.20390625,EnsembleMLLR
E674V:M706V,0.7888671875,EnsembleMLLR
E674V:N698D,-4.6033203125,EnsembleMLLR
E674V:N698I,-5.987109375,EnsembleMLLR
E674V:N698S,-0.64130859375,EnsembleMLLR
E674V:N698Y,-4.0310546875,EnsembleMLLR
E674G:D678Y,-2.004296875,EnsembleMLLR
E674V:Q686K,-0.22734374999999998,EnsembleMLLR
E674V:Q686L,-1.562109375,EnsembleMLLR
E674V:K699E,-5.0865234374999995,EnsembleMLLR
E674V:Q686R,-0.77109375,EnsembleMLLR
E674V:K687T,-0.5851562499999999,EnsembleMLLR
E674V:K687Q,-0.540625,EnsembleMLLR
E674V:H684L,-0.175,EnsembleMLLR
E674V:H684N,-0.694921875,EnsembleMLLR
E674V:H684Q,-0.162890625,EnsembleMLLR
E674V:H684R,-0.354296875,EnsembleMLLR
E674V:H684Y,-1.974609375,EnsembleMLLR
E674V:H685L,-0.8765625,EnsembleMLLR
E674V:H685N,0.04140624999999998,EnsembleMLLR
E674V:H685Q,-0.23515624999999996,EnsembleMLLR
E674V:H685R,-0.1484375,EnsembleMLLR
E674V:I702F,-4.17373046875,EnsembleMLLR
E674V:I702N,-9.297705078125,EnsembleMLLR
E674V:I702T,-3.33017578125,EnsembleMLLR
E674V:I702V,-1.7197753906250002,EnsembleMLLR
E674V:I703F,-5.39560546875,EnsembleMLLR
E674V:I703N,-13.130444335937499,EnsembleMLLR
E674V:I703T,-5.575732421875,EnsembleMLLR
E674V:I703V,-1.7239013671875,EnsembleMLLR
E674V:I712K,-11.55078125,EnsembleMLLR
E674V:I712L,0.6309570312500001,EnsembleMLLR
E674V:I712M,-1.558203125,EnsembleMLLR
E674V:I712T,-4.602734375,EnsembleMLLR
E674V:I712V,0.48906250000000007,EnsembleMLLR
E674V:K687E,0.1765625,EnsembleMLLR
E674V:K687I,-2.0234375,EnsembleMLLR
E674V:K687N,-0.48320312499999996,EnsembleMLLR
E674V:K687R,-0.426171875,EnsembleMLLR
E674V:R676L,0.21601562500000002,EnsembleMLLR
E674V:Q686H,-0.818359375,EnsembleMLLR
E674V:S679L,-1.248828125,EnsembleMLLR
E674V:V711I,-1.0626953125,EnsembleMLLR
E674V:V711L,0.26777343750000004,EnsembleMLLR
E674V:Y681C,-4.616015624999999,EnsembleMLLR
E674V:R676Q,-0.34023437500000003,EnsembleMLLR
E674G:F691I,1.5416015625,EnsembleMLLR
E674V:Y681H,0.7582031249999999,EnsembleMLLR
E674V:Y681N,0.645703125,EnsembleMLLR
E674W,-4.258203125,EnsembleMLLR
E674Y,-2.184765625,EnsembleMLLR
E674G:F690I,0.934375,EnsembleMLLR
E674G:F675Y,0.1640625,EnsembleMLLR
E674V:V711D,-13.40771484375,EnsembleMLLR
E674G:F675S,1.5955078125,EnsembleMLLR
E674G:F675I,1.199609375,EnsembleMLLR
E674G:E693V,-1.8417968750000002,EnsembleMLLR
E674G:E693G,-0.6884765625,EnsembleMLLR
E674G:E693D,-0.1283203125,EnsembleMLLR
E674G:E682V,-0.49277343749999997,EnsembleMLLR
E674G:E682K,-0.667578125,EnsembleMLLR
E674G:E682G,0.2982421875,EnsembleMLLR
E674G:E682D,0.25,EnsembleMLLR
E674G:D694V,-1.6607421875000001,EnsembleMLLR
E674G:D694N,-0.674609375,EnsembleMLLR
E674G:D694G,-0.648828125,EnsembleMLLR
E674G:F675L,1.5328125,EnsembleMLLR
E674V:V711A,-0.43359375,EnsembleMLLR
E674V:Y681F,-0.576953125,EnsembleMLLR
E674V:V710D,-13.1998046875,EnsembleMLLR
E674V:S679P,-0.909765625,EnsembleMLLR
E674V:S679T,-0.48203124999999997,EnsembleMLLR
E674V:S697L,-1.5519531249999998,EnsembleMLLR
E674V:S697P,-2.2009765625,EnsembleMLLR
E674V:S697T,-1.651953125,EnsembleMLLR
E674V:V683A,-0.22109375,EnsembleMLLR
E674V:V683D,-0.27812499999999996,EnsembleMLLR
E674V:V710I,-1.4341796875,EnsembleMLLR
E674V:V683I,-1.13671875,EnsembleMLLR
E674V:V683L,-1.0832031249999998,EnsembleMLLR
E674V:V689A,0.837890625,EnsembleMLLR
E674V:V689E,-0.11562499999999998,EnsembleMLLR
E674V:V683F,-2.23359375,EnsembleMLLR
E674V:V689L,-0.810546875,EnsembleMLLR
E674V:V710A,-0.655078125,EnsembleMLLR
E674V:V689G,1.739453125,EnsembleMLLR
E674V:V707L,-2.581787109375,EnsembleMLLR
E674V:V707G,-5.2478515625,EnsembleMLLR
E674V:V707E,-12.38017578125,EnsembleMLLR
E674V:V707A,-2.7837890625,EnsembleMLLR
E674V:V707M,-3.3525878906249997,EnsembleMLLR
E674V:V695G,0.6109374999999999,EnsembleMLLR
E674V:V695E,1.3775390625000001,EnsembleMLLR
E674V:V695A,0.6175781250000001,EnsembleMLLR
E674V:V689M,-1.4773437500000002,EnsembleMLLR
E674V:V695M,-1.5832031249999998,EnsembleMLLR
F675S:I712L,2.5067382812499996,EnsembleMLLR
F675S:I712M,0.125,EnsembleMLLR
F675S:I712T,-0.8113281250000002,EnsembleMLLR
F675S:I712V,2.4947265625,EnsembleMLLR
F675S:K687E,2.254296875,EnsembleMLLR
F675S:K687Q,1.28359375,EnsembleMLLR
F675S:K687N,1.5941406249999999,EnsembleMLLR
F675S:K687R,1.475390625,EnsembleMLLR
F675S:K687T,1.373046875,EnsembleMLLR
F675S:K699E,-3.178125,EnsembleMLLR
F675S:I712K,-10.090625,EnsembleMLLR
F675S:K687I,-0.333984375,EnsembleMLLR
F675S:I703V,0.3244140624999998,EnsembleMLLR
F675S:V683I,0.692578125,EnsembleMLLR
F675S:I703S,-5.038134765624999,EnsembleMLLR
F675S:I703N,-11.411083984374999,EnsembleMLLR
F675S:I703F,-4.317065429687499,EnsembleMLLR
F675S:I702V,0.6796874999999999,EnsembleMLLR
F675S:I702T,-1.685546875,EnsembleMLLR
F675S:I702N,-6.852832031250001,EnsembleMLLR
F675S:I702M,-0.9007812500000001,EnsembleMLLR
F675S:I702F,-1.80224609375,EnsembleMLLR
F675S:H685Y,-0.12265624999999991,EnsembleMLLR
F675S:H685R,1.323828125,EnsembleMLLR
F675S:H685Q,1.728125,EnsembleMLLR
F675S:K699I,-1.5271484375000002,EnsembleMLLR
F675S:I703T,-4.2705810546875,EnsembleMLLR
F675S:K699N,-1.5988281250000003,EnsembleMLLR
F675S:K699Q,-0.10371093749999982,EnsembleMLLR
F675S:K699R,2.4043212890625,EnsembleMLLR
F675Y:G680V,0.256640625,EnsembleMLLR
F675S:S697T,1.0808593750000002,EnsembleMLLR
F675Y:G680R,-0.57421875,EnsembleMLLR
F675Y:G680E,0.0390625,EnsembleMLLR
F675Y:F691Y,0.61328125,EnsembleMLLR
F675Y:F691S,3.30234375,EnsembleMLLR
F675Y:F691L,1.6550781250000002,EnsembleMLLR
F675Y:F691I,1.148828125,EnsembleMLLR
F675Y:F691C,-2.966015625,EnsembleMLLR
F675Y:F690Y,0.45742187500000003,EnsembleMLLR
F675S:V683A,1.539453125,EnsembleMLLR
F675Y:F690S,2.8521484375,EnsembleMLLR
F675Y:F690L,1.5734375,EnsembleMLLR
F675Y:G696C,-7.0091796875000005,EnsembleMLLR
F675Y:F690I,0.9507812499999999,EnsembleMLLR
F675Y:E693K,-1.5056640625,EnsembleMLLR
F675Y:E693G,-0.680078125,EnsembleMLLR
F675Y:E693D,-0.015039062499999978,EnsembleMLLR
F675Y:E682V,-0.30624999999999997,EnsembleMLLR
F675Y:E682K,-0.56015625,EnsembleMLLR
F675Y:E682G,0.04570312500000001,EnsembleMLLR
F675Y:E682D,-0.041406250000000006,EnsembleMLLR
F675Y:E682A,-0.14765625000000002,EnsembleMLLR
F675Y:D694Y,-2.971484375,EnsembleMLLR
F675Y:D694V,-0.9427734375,EnsembleMLLR
F675Y:D694N,-0.86875,EnsembleMLLR
F675Y:D694G,-0.425390625,EnsembleMLLR
F675Y:D694E,0.15,EnsembleMLLR
F675Y:E693V,-1.7373046875,EnsembleMLLR
F675Y:D678Y,-1.775390625,EnsembleMLLR
F675Y:G696D,-0.605859375,EnsembleMLLR
F675Y:G696S,0.8408203125,EnsembleMLLR
F675Y:V711A,0.13828125,EnsembleMLLR
F675Y:V711D,-12.639843749999999,EnsembleMLLR
F675Y:V711F,-1.9882812500000002,EnsembleMLLR
F675Y:V711I,-0.8400390624999999,EnsembleMLLR
F675Y:Y681C,-4.5328125,EnsembleMLLR
F675Y:Y681F,0.09453125,EnsembleMLLR
F675Y:Y681H,1.267578125,EnsembleMLLR
F675Y:Y681N,1.478515625,EnsembleMLLR
F675Y:H677P,1.463671875,EnsembleMLLR
F675Y:H677N,0.1359375,EnsembleMLLR
F675Y:H677L,0.33046875,EnsembleMLLR
F675Y:H677D,1.576171875,EnsembleMLLR
F675Y:G709V,-1.014208984375,EnsembleMLLR
F675Y:G696R,-1.9564453125,EnsembleMLLR
F675Y:G709S,-2.5071533203125,EnsembleMLLR
F675Y:G709D,-10.722607421874999,EnsembleMLLR
F675Y:G709C,-4.122265625,EnsembleMLLR
F675Y:G708V,-1.656884765625,EnsembleMLLR
F675Y:G708S,-3.8689697265625,EnsembleMLLR
F675Y:G708D,-11.6126220703125,EnsembleMLLR
F675Y:G708C,-3.60205078125,EnsembleMLLR
F675Y:G704V,-8.868560791015625,EnsembleMLLR
F675Y:G704R,-12.368767166137696,EnsembleMLLR
F675Y:G704E,-12.069279479980468,EnsembleMLLR
F675Y:G700S,-2.091455078125,EnsembleMLLR
F675Y:G700D,-4.7884033203125,EnsembleMLLR
F675Y:G700C,-9.314208984375,EnsembleMLLR
F675Y:G696V,-0.80859375,EnsembleMLLR
F675Y:G709R,-12.2538330078125,EnsembleMLLR
F675Y:V710L,0.16367187500000002,EnsembleMLLR
F675Y:D678V,-0.164453125,EnsembleMLLR
F675Y:D678G,0.24453125,EnsembleMLLR
F675S:Y681H,2.6515625,EnsembleMLLR
F675S:Y681F,1.5414062499999999,EnsembleMLLR
F675S:Y681C,-3.101171875,EnsembleMLLR
F675S:V711L,1.34599609375,EnsembleMLLR
F675S:V711I,0.48125000000000007,EnsembleMLLR
F675S:V711G,-2.8064453125,EnsembleMLLR
F675S:V711D,-12.0658203125,EnsembleMLLR
F675S:V711A,1.50087890625,EnsembleMLLR
F675S:V710L,1.0015625,EnsembleMLLR
F675S:V710I,0.5359375000000001,EnsembleMLLR
F675S:V710F,-1.4509765625,EnsembleMLLR
F675S:V710D,-11.904101562500001,EnsembleMLLR
F675S:V710A,1.0330078125,EnsembleMLLR
F675S:Y681N,2.3472656250000004,EnsembleMLLR
F675S:V707M,-1.548095703125,EnsembleMLLR
F675S:V707E,-10.07802734375,EnsembleMLLR
F675S:V707A,-0.7174804687500003,EnsembleMLLR
F675S:V695M,0.4007812500000001,EnsembleMLLR
F675S:V695L,0.8105468750000001,EnsembleMLLR
F675S:V695G,2.7496093750000004,EnsembleMLLR
F675S:V683D,1.920703125,EnsembleMLLR
F675S:V695E,2.8023437500000004,EnsembleMLLR
F675S:V695A,2.132421875,EnsembleMLLR
F675S:V689M,0.400390625,EnsembleMLLR
F675S:V689L,1.229296875,EnsembleMLLR
F675S:V689G,3.36640625,EnsembleMLLR
F675S:V689E,1.8640625000000002,EnsembleMLLR
F675S:V689A,2.8550781250000004,EnsembleMLLR
F675S:V707L,-0.46684570312499996,EnsembleMLLR
F675Y:D678N,-0.32265625000000003,EnsembleMLLR
F675T,1.360546875,EnsembleMLLR
F675V:F690I,2.4984375,EnsembleMLLR
F675Y:D678E,-0.028125,EnsembleMLLR
F675Y:A713V,-1.46181640625,EnsembleMLLR
F675Y:A713T,-2.2779296875,EnsembleMLLR
F675Y:A713S,-4.634033203125,EnsembleMLLR
F675Y:A713G,-2.9301025390624997,EnsembleMLLR
F675Y:A713E,-12.265722656249999,EnsembleMLLR
F675Y:A701V,-1.6280761718749999,EnsembleMLLR
F675Y:A701T,-1.621728515625,EnsembleMLLR
F675Y:A701S,-2.4498046875000004,EnsembleMLLR
F675Y:A701P,-2.150048828125,EnsembleMLLR
F675Y:A701G,-4.084814453125,EnsembleMLLR
F675Y:A692V,-0.78515625,EnsembleMLLR
F675Y:A692T,-0.12031250000000002,EnsembleMLLR
F675V,1.60546875,EnsembleMLLR
F675Y:A692S,0.34882812500000004,EnsembleMLLR
F675Y:A692E,0.7193359374999999,EnsembleMLLR
F675Y,0.025,EnsembleMLLR
F675V:Y681H,2.85078125,EnsembleMLLR
F675V:V695E,2.5697265625,EnsembleMLLR
F675V:V689E,2.012109375,EnsembleMLLR
F675V:R676L,2.124609375,EnsembleMLLR
F675V:Q686R,1.293359375,EnsembleMLLR
F675V:N698Y,-2.2759765625,EnsembleMLLR
F675V:K699R,2.1495117187500004,EnsembleMLLR
F675V:H677Q,1.908984375,EnsembleMLLR
F675V:G709S,-2.21778564453125,EnsembleMLLR
F675V:F691Y,2.0015625,EnsembleMLLR
F675V:F691L,3.266015625,EnsembleMLLR
F675Y:A692G,0.65078125,EnsembleMLLR
F675Y:V710I,-0.8689453125,EnsembleMLLR
F675Y:V710G,-2.4681640624999996,EnsembleMLLR
F675Y:V710F,-2.6847656250000003,EnsembleMLLR
F675S:S697P,0.03964843750000013,EnsembleMLLR
F675Y:H677Y,-0.894140625,EnsembleMLLR
F675Y:H684L,0.32070312500000003,EnsembleMLLR
F675Y:H684N,0.358984375,EnsembleMLLR
F675Y:H684Q,0.47890625,EnsembleMLLR
F675Y:H684R,0.220703125,EnsembleMLLR
F675Y:H684Y,-1.00078125,EnsembleMLLR
F675Y:H685L,-0.287109375,EnsembleMLLR
F675Y:H685N,0.455078125,EnsembleMLLR
F675Y:H685Q,0.480078125,EnsembleMLLR
F675Y:H685R,0.14492187499999998,EnsembleMLLR
F675Y:H685Y,-1.33671875,EnsembleMLLR
F675Y:I702F,-3.355859375,EnsembleMLLR
F675S:S697L,0.3384765624999999,EnsembleMLLR
F675Y:I702L,-0.5597656249999999,EnsembleMLLR
F675Y:I702N,-7.918652343750001,EnsembleMLLR
F675Y:I702T,-3.6626953125,EnsembleMLLR
F675Y:I702V,-0.44833984374999997,EnsembleMLLR
F675Y:I703F,-6.02998046875,EnsembleMLLR
F675Y:I703N,-12.094091796875,EnsembleMLLR
F675Y:I703T,-4.207763671875,EnsembleMLLR
F675Y:I703V,-1.7838256835937498,EnsembleMLLR
F675Y:I712K,-11.3234375,EnsembleMLLR
F675Y:I712L,1.533056640625,EnsembleMLLR
F675Y:I712M,-0.8734374999999999,EnsembleMLLR
F675Y:I712R,-11.430468750000001,EnsembleMLLR
F675Y:I712T,-3.133984375,EnsembleMLLR
F675Y:I712V,0.8314453125,EnsembleMLLR
F675Y:I702M,-1.3404296875000001,EnsembleMLLR
F675Y:K687E,0.9646484375,EnsembleMLLR
F675S:S679T,0.821484375,EnsembleMLLR
F675S:S679L,1.0960937499999999,EnsembleMLLR
F675S:L688F,-0.1343749999999999,EnsembleMLLR
F675S:L688M,1.008203125,EnsembleMLLR
F675S:L688S,3.019921875,EnsembleMLLR
F675S:L688W,-2.496875,EnsembleMLLR
F675S:L705F,-3.347491455078125,EnsembleMLLR
F675S:L705H,-11.56495361328125,EnsembleMLLR
F675S:L705I,-0.68919677734375,EnsembleMLLR
F675S:L705P,-8.090777587890624,EnsembleMLLR
F675S:L705R,-10.0916748046875,EnsembleMLLR
F675S:M706I,2.5099609375,EnsembleMLLR
F675S:M706K,-6.727343749999999,EnsembleMLLR
F675S:M706L,4.841198730468751,EnsembleMLLR
F675S:M706R,-6.835156249999999,EnsembleMLLR
F675S:S679P,1.0128906249999998,EnsembleMLLR
F675S:M706T,-0.49257812499999987,EnsembleMLLR
F675S:N698D,-1.71640625,EnsembleMLLR
F675S:N698H,-0.6548828125000001,EnsembleMLLR
F675S:N698I,-3.031298828125,EnsembleMLLR
F675S:N698S,1.71513671875,EnsembleMLLR
F675S:N698T,0.29736328125,EnsembleMLLR
F675S:N698Y,-1.99375,EnsembleMLLR
F675S:Q686E,2.4453125,EnsembleMLLR
F675S:Q686H,1.1953125,EnsembleMLLR
F675S:Q686K,1.5203125,EnsembleMLLR
F675S:Q686L,0.12382812499999996,EnsembleMLLR
F675S:Q686R,1.3511718750000001,EnsembleMLLR
F675S:R676L,1.56484375,EnsembleMLLR
F675S:R676Q,1.86640625,EnsembleMLLR
F675S:M706V,2.971875,EnsembleMLLR
F675Y:K687I,-1.23203125,EnsembleMLLR
F675Y:K687N,0.147265625,EnsembleMLLR
F675Y:K687Q,0.24453124999999998,EnsembleMLLR
F675Y:R676L,0.4984375,EnsembleMLLR
F675Y:R676Q,0.275390625,EnsembleMLLR
F675Y:S679L,-0.388671875,EnsembleMLLR
F675Y:S679P,-0.2765625,EnsembleMLLR
F675Y:S679T,-0.219140625,EnsembleMLLR
F675Y:S697L,-0.24277343749999997,EnsembleMLLR
F675Y:S697P,-1.5843749999999999,EnsembleMLLR
F675Y:S697T,-0.44160156250000004,EnsembleMLLR
F675Y:V683A,0.208984375,EnsembleMLLR
F675Y:V683D,0.444921875,EnsembleMLLR
F675Y:V683F,-1.64609375,EnsembleMLLR
F675Y:V683G,0.2890625,EnsembleMLLR
F675Y:V683I,-0.667578125,EnsembleMLLR
F675Y:Q686R,-0.06328124999999998,EnsembleMLLR
F675Y:V689A,1.9466796875,EnsembleMLLR
F675Y:V689G,2.3137695312499997,EnsembleMLLR
F675Y:V689L,-0.12109374999999999,EnsembleMLLR
F675Y:V689M,-1.12421875,EnsembleMLLR
F675Y:V695A,0.8999999999999999,EnsembleMLLR
F675Y:V695E,1.479296875,EnsembleMLLR
F675Y:V695G,1.616015625,EnsembleMLLR
F675Y:V695M,-0.995703125,EnsembleMLLR
F675Y:V707A,-1.520849609375,EnsembleMLLR
F675Y:V707E,-11.15625,EnsembleMLLR
F675Y:V707L,-2.1689453125,EnsembleMLLR
F675Y:V707M,-2.9805664062500004,EnsembleMLLR
F675Y:V710A,-0.421484375,EnsembleMLLR
F675Y:V710D,-12.461816406250001,EnsembleMLLR
F675Y:V689E,0.709375,EnsembleMLLR
F675Y:Q686L,-1.05078125,EnsembleMLLR
F675Y:Q686K,0.175,EnsembleMLLR
F675Y:Q686H,-0.05312499999999999,EnsembleMLLR
F675Y:K687R,-0.070703125,EnsembleMLLR
F675Y:K687T,0.103125,EnsembleMLLR
F675Y:K699E,-4.7857421875,EnsembleMLLR
F675Y:K699I,-2.938671875,EnsembleMLLR
F675Y:K699N,-2.1287109375,EnsembleMLLR
F675Y:K699Q,-1.230078125,EnsembleMLLR
F675Y:K699R,0.3025390625,EnsembleMLLR
F675Y:K699T,-1.444140625,EnsembleMLLR
F675Y:L688F,-1.38984375,EnsembleMLLR
F675Y:L688M,-0.571875,EnsembleMLLR
F675Y:L688S,2.1671875,EnsembleMLLR
F675Y:L688W,-3.8445312499999997,EnsembleMLLR
F675Y:L705F,-4.75357666015625,EnsembleMLLR
F675Y:L705H,-12.6465087890625,EnsembleMLLR
F675Y:L705I,-2.3892578125,EnsembleMLLR
F675Y:L705P,-9.49439697265625,EnsembleMLLR
F675Y:L705R,-11.9302734375,EnsembleMLLR
F675Y:L705V,-2.7145751953125004,EnsembleMLLR
F675Y:M706I,1.5902343749999999,EnsembleMLLR
F675Y:M706K,-8.210546875,EnsembleMLLR
F675Y:M706L,4.009136962890625,EnsembleMLLR
F675Y:M706R,-8.653515624999999,EnsembleMLLR
F675Y:M706T,-1.780078125,EnsembleMLLR
F675Y:M706V,1.196875,EnsembleMLLR
F675Y:N698D,-2.906982421875,EnsembleMLLR
F675Y:N698I,-3.8474609375,EnsembleMLLR
F675Y:N698S,0.042187499999999996,EnsembleMLLR
F675Y:N698T,-0.87802734375,EnsembleMLLR
F675Y:N698Y,-3.61728515625,EnsembleMLLR
F675S:V683F,-0.330078125,EnsembleMLLR
F675Y:F690V,1.973828125,EnsembleMLLR
F675C,-3.958203125,EnsembleMLLR
F675Y:H677R,0.41132812500000004,EnsembleMLLR
F675I:S697T,0.6603515625,EnsembleMLLR
F675I:V683A,1.215234375,EnsembleMLLR
F675I:V683D,1.0101562499999999,EnsembleMLLR
F675I:V683F,-0.8781249999999998,EnsembleMLLR
F675I:V683G,1.126953125,EnsembleMLLR
F675I:V683I,0.34375,EnsembleMLLR
F675I:V689A,2.4357421875,EnsembleMLLR
F675I:V689E,1.898046875,EnsembleMLLR
F675I:V689G,2.8634765625,EnsembleMLLR
F675I:V689L,0.95625,EnsembleMLLR
F675I:S697P,-0.7193359375,EnsembleMLLR
F675I:V689M,-0.12187499999999996,EnsembleMLLR
F675I:V695E,2.5646484375,EnsembleMLLR
F675I:V695G,2.684765625,EnsembleMLLR
F675I:V695L,0.8246093749999999,EnsembleMLLR
F675I:V695M,-0.1328125,EnsembleMLLR
F675I:V707A,-1.1502929687499999,EnsembleMLLR
F675I:V707E,-10.348046875,EnsembleMLLR
F675I:V707L,-1.1092285156250001,EnsembleMLLR
F675I:V707M,-1.60244140625,EnsembleMLLR
F675I:V710A,0.39726562499999996,EnsembleMLLR
F675I:V710D,-12.3310546875,EnsembleMLLR
F675I:V695A,1.843359375,EnsembleMLLR
F675I:V710I,-0.055126953125000044,EnsembleMLLR
F675I:S697L,0.07539062499999982,EnsembleMLLR
F675I:S679P,0.38945312499999996,EnsembleMLLR
F675I:L705F,-3.2984375000000004,EnsembleMLLR
F675I:L705H,-11.862353515625,EnsembleMLLR
F675I:L705I,-0.642626953125,EnsembleMLLR
F675I:L705P,-8.13643798828125,EnsembleMLLR
F675I:L705V,-2.0830322265624996,EnsembleMLLR
F675I:M706I,2.462109375,EnsembleMLLR
F675I:M706K,-7.237109375000001,EnsembleMLLR
F675I:M706L,4.4812255859375,EnsembleMLLR
F675I:M706T,-0.6859375000000001,EnsembleMLLR
F675I:M706V,2.2953124999999996,EnsembleMLLR
F675I:S679T,0.9562499999999999,EnsembleMLLR
F675I:N698D,-1.5974609375000002,EnsembleMLLR
F675I:N698K,-1.3546875000000003,EnsembleMLLR
F675I:N698S,0.7333007812500001,EnsembleMLLR
F675I:N698Y,-2.7666015625,EnsembleMLLR
F675I:Q686H,1.064453125,EnsembleMLLR
F675I:Q686K,1.155078125,EnsembleMLLR
F675I:Q686L,0.12343750000000009,EnsembleMLLR
F675I:Q686R,0.995703125,EnsembleMLLR
F675I:R676L,1.641015625,EnsembleMLLR
F675I:R676Q,1.192578125,EnsembleMLLR
F675I:S679L,0.16679687500000007,EnsembleMLLR
F675I:N698I,-3.7022949218750005,EnsembleMLLR
F675I:V711A,1.8338378906250001,EnsembleMLLR
F675I:V711D,-11.9892578125,EnsembleMLLR
F675I:V711F,-1.3380859375000003,EnsembleMLLR
F675L:D694N,0.6201171875,EnsembleMLLR
F675L:D694V,-0.13749999999999996,EnsembleMLLR
F675L:E682A,1.367578125,EnsembleMLLR
F675L:E682D,1.441796875,EnsembleMLLR
F675L:E682G,1.4195312500000001,EnsembleMLLR
F675L:E682K,0.8597656250000001,EnsembleMLLR
F675L:E682V,1.035546875,EnsembleMLLR
F675L:E693D,1.494921875,EnsembleMLLR
F675L:E693G,0.80078125,EnsembleMLLR
F675L:E693V,-0.2841796875,EnsembleMLLR
F675L:D694G,0.9814453125000001,EnsembleMLLR
F675L:F690I,2.13671875,EnsembleMLLR
F675L:F690S,4.489453125000001,EnsembleMLLR
F675L:F690V,3.5078125,EnsembleMLLR
F675L:F690Y,2.2777343749999996,EnsembleMLLR
F675L:F691C,-2.098828125,EnsembleMLLR
F675L:F691I,2.58203125,EnsembleMLLR
F675L:F691L,3.193359375,EnsembleMLLR
F675L:F691S,4.5203125,EnsembleMLLR
F675L:F691Y,1.871484375,EnsembleMLLR
F675L:G680E,1.72734375,EnsembleMLLR
F675L:G680R,0.8636718750000001,EnsembleMLLR
F675L:F690L,2.925390625,EnsembleMLLR
F675L:D694E,1.2130859375,EnsembleMLLR
F675L:D678Y,-0.5671875,EnsembleMLLR
F675L:D678V,0.6187499999999999,EnsembleMLLR
F675I:V711I,0.12763671875000004,EnsembleMLLR
F675I:Y681C,-2.7890625,EnsembleMLLR
F675I:Y681F,1.09375,EnsembleMLLR
F675I:Y681H,2.1828125,EnsembleMLLR
F675I:Y681N,2.29765625,EnsembleMLLR
F675L,1.374609375,EnsembleMLLR
F675L:A692E,2.19375,EnsembleMLLR
F675L:A692S,1.89375,EnsembleMLLR
F675L:A692T,1.25859375,EnsembleMLLR
F675L:A692V,0.5296875000000001,EnsembleMLLR
F675L:A701E,-5.848583984375001,EnsembleMLLR
F675L:A701P,-2.019580078125,EnsembleMLLR
F675L:A701S,-1.7959472656250002,EnsembleMLLR
F675L:A701T,-0.3411621093749999,EnsembleMLLR
F675L:A701V,-0.048388671874999956,EnsembleMLLR
F675L:A713E,-11.09375,EnsembleMLLR
F675L:A713S,-2.70244140625,EnsembleMLLR
F675L:A713T,-1.082275390625,EnsembleMLLR
F675L:A713V,0.4401611328124999,EnsembleMLLR
F675L:D678A,1.154296875,EnsembleMLLR
F675L:D678E,1.508984375,EnsembleMLLR
F675L:D678G,1.72265625,EnsembleMLLR
F675L:D678N,1.031640625,EnsembleMLLR
F675I:L688S,2.394140625,EnsembleMLLR
F675L:G680V,1.2796875,EnsembleMLLR
F675I:L688M,0.4023437500000001,EnsembleMLLR
F675I:K699R,2.1320068359375,EnsembleMLLR
F675I:D678V,0.41718750000000004,EnsembleMLLR
F675I:D694E,1.088671875,EnsembleMLLR
F675I:D694G,0.7318359375,EnsembleMLLR
F675I:D694V,-0.7521484375,EnsembleMLLR
F675I:E682D,1.126953125,EnsembleMLLR
F675I:E682G,1.300390625,EnsembleMLLR
F675I:E682K,0.43476562500000004,EnsembleMLLR
F675I:E682V,0.7949218750000001,EnsembleMLLR
F675I:E693D,1.1363281250000001,EnsembleMLLR
F675I:E693G,0.38847656249999996,EnsembleMLLR
F675I:D678N,0.7171875,EnsembleMLLR
F675I:E693V,-0.22910156250000013,EnsembleMLLR
F675I:F690L,2.638671875,EnsembleMLLR
F675I:F690V,2.940234375,EnsembleMLLR
F675I:F690Y,1.52265625,EnsembleMLLR
F675I:F691I,2.43125,EnsembleMLLR
F675I:F691L,2.700390625,EnsembleMLLR
F675I:F691S,4.625390625,EnsembleMLLR
F675I:F691Y,1.3371093749999998,EnsembleMLLR
F675I:G680E,0.9929687500000001,EnsembleMLLR
F675I:G680R,0.18828124999999996,EnsembleMLLR
F675I:G680V,0.6996093750000001,EnsembleMLLR
F675I:F690I,1.66484375,EnsembleMLLR
F675I:G696A,0.8099609375000001,EnsembleMLLR
F675I:D678G,1.2625,EnsembleMLLR
F675I:D678A,0.5421874999999999,EnsembleMLLR
F675C:E682V,-5.0625,EnsembleMLLR
F675C:E693V,-5.797070312500001,EnsembleMLLR
F675C:F690I,-3.1566406250000005,EnsembleMLLR
F675C:H677Q,-3.84921875,EnsembleMLLR
F675C:I702V,-4.78251953125,EnsembleMLLR
F675C:I703T,-9.301904296875,EnsembleMLLR
F675C:K699N,-7.57666015625,EnsembleMLLR
F675C:Q686L,-4.916015625,EnsembleMLLR
F675C:S697P,-5.8568359375000005,EnsembleMLLR
F675H,0.810546875,EnsembleMLLR
F675I:D678E,1.1703124999999999,EnsembleMLLR
F675I,1.197265625,EnsembleMLLR
F675I:A692T,0.7527343750000001,EnsembleMLLR
F675I:A692V,0.3222656250000001,EnsembleMLLR
F675I:A701E,-5.876220703125,EnsembleMLLR
F675I:A701T,-0.89765625,EnsembleMLLR
F675I:A701V,-0.6187500000000001,EnsembleMLLR
F675I:A713E,-10.64989013671875,EnsembleMLLR
F675I:A713G,-2.690673828125,EnsembleMLLR
F675I:A713S,-2.61328125,EnsembleMLLR
F675I:A713T,-1.3409423828124998,EnsembleMLLR
F675I:A713V,0.24501953124999998,EnsembleMLLR
F675I:A692E,2.1599609375,EnsembleMLLR
F675I:G696C,-5.745312500000001,EnsembleMLLR
F675I:G696D,0.4214843749999999,EnsembleMLLR
F675I:G696S,1.7916015625,EnsembleMLLR
F675I:I702F,-2.52451171875,EnsembleMLLR
F675I:I702N,-6.67744140625,EnsembleMLLR
F675I:I702T,-3.4373046875,EnsembleMLLR
F675I:I702V,0.8312499999999999,EnsembleMLLR
F675I:I703F,-4.801611328125,EnsembleMLLR
F675I:I703N,-9.659509277343751,EnsembleMLLR
F675I:I703T,-4.0445556640625,EnsembleMLLR
F675I:I703V,-0.47377929687499987,EnsembleMLLR
F675I:I712K,-9.331640625,EnsembleMLLR
F675I:I712L,2.2474609375,EnsembleMLLR
F675I:H685Y,-0.579296875,EnsembleMLLR
F675I:I712M,0.11640624999999993,EnsembleMLLR
F675I:I712V,2.1275390625000004,EnsembleMLLR
F675I:K687E,2.02734375,EnsembleMLLR
F675I:K687I,-0.7839843750000002,EnsembleMLLR
F675I:K687N,1.2,EnsembleMLLR
F675I:K687Q,0.98359375,EnsembleMLLR
F675I:K687R,0.909375,EnsembleMLLR
F675I:K687T,1.33828125,EnsembleMLLR
F675I:K699E,-3.5708984375000004,EnsembleMLLR
F675I:K699I,-0.3355468749999999,EnsembleMLLR
F675I:K699N,-1.8589843750000001,EnsembleMLLR
F675I:I712T,-1.713671875,EnsembleMLLR
F675I:H685R,1.2609375,EnsembleMLLR
F675I:H685Q,1.507421875,EnsembleMLLR
F675I:H685N,1.3332031249999998,EnsembleMLLR
F675I:G700C,-8.1380859375,EnsembleMLLR
F675I:G700D,-3.54970703125,EnsembleMLLR
F675I:G700S,-0.91826171875,EnsembleMLLR
F675I:G704E,-11.063507843017577,EnsembleMLLR
F675I:G704R,-10.800479125976562,EnsembleMLLR
F675I:G708C,-2.81666259765625,EnsembleMLLR
F675I:G708D,-10.7028564453125,EnsembleMLLR
F675I:G708S,-2.5495849609374996,EnsembleMLLR
F675I:G708V,-2.0583984375,EnsembleMLLR
F675I:G709C,-2.609130859375,EnsembleMLLR
F675I:G709D,-10.231298828125,EnsembleMLLR
F675I:G709S,-1.8415283203125,EnsembleMLLR
F675I:H677D,1.903515625,EnsembleMLLR
F675I:H677L,1.4246093750000002,EnsembleMLLR
F675I:H677Q,1.235546875,EnsembleMLLR
F675I:H677R,1.31640625,EnsembleMLLR
F675I:H677Y,0.3339843749999999,EnsembleMLLR
F675I:H684L,1.4058593750000001,EnsembleMLLR
F675I:H684N,1.1488281249999999,EnsembleMLLR
F675I:H684Q,1.44140625,EnsembleMLLR
F675I:H684R,1.235546875,EnsembleMLLR
F675I:H684Y,-0.19218749999999996,EnsembleMLLR
F675I:H685L,0.5550781250000001,EnsembleMLLR
F675I:L688F,-0.33671874999999996,EnsembleMLLR
F675C:E682G,-4.248828124999999,EnsembleMLLR
F675L:G696C,-5.086718749999999,EnsembleMLLR
F675L:G696R,-0.3523437500000002,EnsembleMLLR
F675S:A701S,-1.5055908203125,EnsembleMLLR
F675S:A701T,-0.392578125,EnsembleMLLR
F675S:A701V,-0.462158203125,EnsembleMLLR
F675S:A713E,-10.474291992187501,EnsembleMLLR
F675S:A713G,-1.9816406249999998,EnsembleMLLR
F675S:A713P,-8.781298828125001,EnsembleMLLR
F675S:A713S,-3.140576171875,EnsembleMLLR
F675S:A713T,-1.6482910156250001,EnsembleMLLR
F675S:A713V,0.596826171875,EnsembleMLLR
F675S:D678E,1.5718750000000001,EnsembleMLLR
F675S:A701E,-5.074609375,EnsembleMLLR
F675S:D678G,1.5832031249999998,EnsembleMLLR
F675S:D678V,0.90859375,EnsembleMLLR
F675S:D678Y,-0.7935546875000001,EnsembleMLLR
F675S:D694E,1.75859375,EnsembleMLLR
F675S:D694G,1.05078125,EnsembleMLLR
F675S:D694H,-0.1947265625000001,EnsembleMLLR
F675S:D694N,0.4750000000000001,EnsembleMLLR
F675S:D694V,-0.19218749999999996,EnsembleMLLR
F675S:D694Y,-1.2910156250000002,EnsembleMLLR
F675S:E682D,1.5632812500000002,EnsembleMLLR
F675S:E682G,1.397265625,EnsembleMLLR
F675S:D678N,0.977734375,EnsembleMLLR
F675S:E682K,0.8476562499999999,EnsembleMLLR
F675S:A692V,0.76171875,EnsembleMLLR
F675S:A692S,1.744140625,EnsembleMLLR
F675L:V707A,-0.52197265625,EnsembleMLLR
F675L:V707E,-9.922802734375,EnsembleMLLR
F675L:V707L,-0.28994140624999987,EnsembleMLLR
F675L:V707M,-1.608251953125,EnsembleMLLR
F675L:V710A,1.82705078125,EnsembleMLLR
F675L:V710D,-11.835156249999999,EnsembleMLLR
F675L:V710I,0.5552734375,EnsembleMLLR
F675L:V711A,1.70380859375,EnsembleMLLR
F675L:V711D,-11.3255859375,EnsembleMLLR
F675L:V711F,-0.8958984374999999,EnsembleMLLR
F675S:A692T,1.20390625,EnsembleMLLR
F675L:V711G,-2.5671875,EnsembleMLLR
F675L:Y681C,-2.925,EnsembleMLLR
F675L:Y681F,1.540234375,EnsembleMLLR
F675L:Y681H,2.421484375,EnsembleMLLR
F675L:Y681N,2.7625,EnsembleMLLR
F675N,1.115234375,EnsembleMLLR
F675P,1.3453125,EnsembleMLLR
F675S,1.623046875,EnsembleMLLR
F675S:A692E,1.7138671875,EnsembleMLLR
F675S:A692G,2.0482421875,EnsembleMLLR
F675S:A692P,1.3484375,EnsembleMLLR
F675L:V711I,0.6117187500000001,EnsembleMLLR
F675S:E682V,0.8580078124999999,EnsembleMLLR
F675S:E693D,1.3265624999999999,EnsembleMLLR
F675S:E693G,0.8044921875000001,EnsembleMLLR
F675S:G704E,-10.807262039184572,EnsembleMLLR
F675S:G704R,-10.295661926269531,EnsembleMLLR
F675S:G704V,-6.664415740966796,EnsembleMLLR
F675S:G708A,1.009765625,EnsembleMLLR
F675S:G708C,-2.2284912109375004,EnsembleMLLR
F675S:G708D,-9.88084716796875,EnsembleMLLR
F675S:G708S,-2.3454833984375,EnsembleMLLR
F675S:G708V,-0.11494140625000004,EnsembleMLLR
F675S:G709C,-2.7827392578124996,EnsembleMLLR
F675S:G709D,-10.134790039062501,EnsembleMLLR
F675S:G704A,-3.7717334747314455,EnsembleMLLR
F675S:G709S,-1.26123046875,EnsembleMLLR
F675S:H677Q,1.3269531250000002,EnsembleMLLR
F675S:H677R,1.3660156250000002,EnsembleMLLR
F675S:H677Y,0.618359375,EnsembleMLLR
F675S:H684L,1.6183593749999998,EnsembleMLLR
F675S:H684N,1.5875000000000001,EnsembleMLLR
F675S:H684Q,1.975,EnsembleMLLR
F675S:H684R,1.9871093750000002,EnsembleMLLR
F675S:H684Y,0.14335937499999996,EnsembleMLLR
F675S:H685L,0.752734375,EnsembleMLLR
F675S:H685N,1.6753906250000001,EnsembleMLLR
F675S:H677L,1.557421875,EnsembleMLLR
F675S:G700V,-2.40107421875,EnsembleMLLR
F675S:G700S,-0.3340820312499999,EnsembleMLLR
F675S:G700D,-3.0858886718750003,EnsembleMLLR
F675S:E693K,-0.12050781249999987,EnsembleMLLR
F675S:E693V,-0.5046875000000002,EnsembleMLLR
F675S:F690I,2.088671875,EnsembleMLLR
F675S:F690L,2.8234375,EnsembleMLLR
F675S:F690S,3.67734375,EnsembleMLLR
F675S:F690V,3.408984375,EnsembleMLLR
F675S:F690Y,2.0765624999999996,EnsembleMLLR
F675S:F691C,-2.0718750000000004,EnsembleMLLR
F675S:F691I,2.7125,EnsembleMLLR
F675S:F691L,3.145703125,EnsembleMLLR
F675S:F691S,3.9777343750000003,EnsembleMLLR
F675S:F691V,3.785546875,EnsembleMLLR
F675S:F691Y,1.79140625,EnsembleMLLR
F675S:G680A,1.17421875,EnsembleMLLR
F675S:G680E,1.740625,EnsembleMLLR
F675S:G680R,0.6996093750000001,EnsembleMLLR
F675S:G680V,1.207421875,EnsembleMLLR
F675S:G696A,0.8058593749999999,EnsembleMLLR
F675S:G696C,-5.867578125,EnsembleMLLR
F675S:G696D,0.5703125,EnsembleMLLR
F675S:G696S,2.1046875,EnsembleMLLR
F675S:G696V,0.3621093750000002,EnsembleMLLR
F675S:G700C,-8.11201171875,EnsembleMLLR
F675L:V695M,0.31132812499999996,EnsembleMLLR
F675L:G696D,0.7457031249999999,EnsembleMLLR
F675L:V695G,2.636328125,EnsembleMLLR
F675L:V695A,2.3441406249999996,EnsembleMLLR
F675L:H684R,1.62578125,EnsembleMLLR
F675L:H684Y,0.2109375,EnsembleMLLR
F675L:H685L,0.8988281249999999,EnsembleMLLR
F675L:H685N,1.9164062499999999,EnsembleMLLR
F675L:H685Q,1.6058593749999999,EnsembleMLLR
F675L:H685R,1.5125,EnsembleMLLR
F675L:H685Y,0.13593749999999982,EnsembleMLLR
F675L:I702F,-2.45830078125,EnsembleMLLR
F675L:I702N,-6.62978515625,EnsembleMLLR
F675L:I702T,-2.35615234375,EnsembleMLLR
F675L:H684Q,2.046484375,EnsembleMLLR
F675L:I702V,0.9255859375000001,EnsembleMLLR
F675L:I703N,-10.705737304687501,EnsembleMLLR
F675L:I703T,-3.3001708984375,EnsembleMLLR
F675L:I703V,0.2584472656250001,EnsembleMLLR
F675L:I712K,-9.8890625,EnsembleMLLR
F675L:I712L,2.910205078125,EnsembleMLLR
F675L:I712M,0.03378906250000013,EnsembleMLLR
F675L:I712T,-1.9683593750000001,EnsembleMLLR
F675L:I712V,2.26787109375,EnsembleMLLR
F675L:K687E,2.148828125,EnsembleMLLR
F675L:K687I,0.1976562500000001,EnsembleMLLR
F675L:I703F,-3.9788574218750004,EnsembleMLLR
F675L:K687N,1.544921875,EnsembleMLLR
F675L:H684N,1.5546875,EnsembleMLLR
F675L:H677Y,0.71171875,EnsembleMLLR
F675L:G696S,2.3728515625,EnsembleMLLR
F675L:G696V,0.08417968750000004,EnsembleMLLR
F675L:G700C,-8.211328125,EnsembleMLLR
F675L:G700D,-3.4808593750000005,EnsembleMLLR
F675L:G700S,0.1681152343750001,EnsembleMLLR
F675L:G700V,-3.1167724609375003,EnsembleMLLR
F675L:G704E,-10.792930603027344,EnsembleMLLR
F675L:G704R,-10.505413055419922,EnsembleMLLR
F675L:G708A,1.53486328125,EnsembleMLLR
F675L:G708C,-2.1356201171875,EnsembleMLLR
F675L:H684L,1.594140625,EnsembleMLLR
F675L:G708D,-9.825961303710937,EnsembleMLLR
F675L:G708V,-0.7492187499999998,EnsembleMLLR
F675L:G709C,-1.6432128906249999,EnsembleMLLR
F675L:G709D,-10.357452392578125,EnsembleMLLR
F675L:G709R,-11.498388671875,EnsembleMLLR
F675L:G709S,-1.9410400390625,EnsembleMLLR
F675L:H677D,2.371875,EnsembleMLLR
F675L:H677L,1.62421875,EnsembleMLLR
F675L:H677N,1.611328125,EnsembleMLLR
F675L:H677Q,1.5421875,EnsembleMLLR
F675L:H677R,1.7234375000000002,EnsembleMLLR
F675L:G708S,-1.9381103515624998,EnsembleMLLR
F675L:K687Q,1.6023437500000002,EnsembleMLLR
F675L:K687R,1.351171875,EnsembleMLLR
F675L:K699E,-3.1029296874999996,EnsembleMLLR
F675L:Q686L,0.7937500000000001,EnsembleMLLR
F675L:Q686P,1.487109375,EnsembleMLLR
F675L:Q686R,1.27265625,EnsembleMLLR
F675L:R676L,1.803515625,EnsembleMLLR
F675L:R676P,2.171875,EnsembleMLLR
F675L:R676Q,1.630859375,EnsembleMLLR
F675L:S679L,0.7691406249999999,EnsembleMLLR
F675L:S679P,1.3011718749999999,EnsembleMLLR
F675L:S679T,1.125390625,EnsembleMLLR
F675L:S697A,0.6246093749999999,EnsembleMLLR
F675L:Q686K,1.5617187499999998,EnsembleMLLR
F675L:S697L,-0.322265625,EnsembleMLLR
F675L:S697T,1.0546875,EnsembleMLLR
F675L:V683A,1.442578125,EnsembleMLLR
F675L:V683D,1.5574218750000002,EnsembleMLLR
F675L:V683F,-0.13789062499999982,EnsembleMLLR
F675L:V683I,0.842578125,EnsembleMLLR
F675L:V689A,2.6865234375,EnsembleMLLR
F675L:V689E,2.412890625,EnsembleMLLR
F675L:V689G,3.3298828125,EnsembleMLLR
F675L:V689L,1.08203125,EnsembleMLLR
F675L:V689M,0.16445312499999987,EnsembleMLLR
F675L:S697P,0.46953124999999996,EnsembleMLLR
F675L:Q686H,1.168359375,EnsembleMLLR
F675L:N698Y,-2.8114257812500005,EnsembleMLLR
F675L:N698T,-0.32802734374999987,EnsembleMLLR
F675L:K699I,-1.34765625,EnsembleMLLR
F675L:K699N,-1.3541015625,EnsembleMLLR
F675L:K699Q,-0.14921874999999996,EnsembleMLLR
F675L:K699R,1.94462890625,EnsembleMLLR
F675L:L688F,-0.16796875,EnsembleMLLR
F675L:L688M,0.8468749999999999,EnsembleMLLR
F675L:L688S,3.351171875,EnsembleMLLR
F675L:L688V,2.0679687500000004,EnsembleMLLR
F675L:L688W,-2.288671875,EnsembleMLLR
F675L:L705F,-2.8302124023437503,EnsembleMLLR
F675L:L705H,-11.1155029296875,EnsembleMLLR
F675L:L705I,-0.78448486328125,EnsembleMLLR
F675L:L705P,-8.30660400390625,EnsembleMLLR
F675L:L705V,-1.1099365234375003,EnsembleMLLR
F675L:M706I,2.9486328124999996,EnsembleMLLR
F675L:M706K,-7.176171875,EnsembleMLLR
F675L:M706L,4.841943359375,EnsembleMLLR
F675L:M706T,-1.1867187499999998,EnsembleMLLR
F675L:M706V,2.9560546875,EnsembleMLLR
F675L:N698D,-2.1546875,EnsembleMLLR
F675L:N698H,-0.8705078125000001,EnsembleMLLR
F675L:N698I,-3.4439453124999995,EnsembleMLLR
F675L:N698S,1.35595703125,EnsembleMLLR
F675L:V695E,3.0238281249999996,EnsembleMLLR
F675Y:H677Q,0.28671875,EnsembleMLLR
R676G:V695E,2.2546875,EnsembleMLLR
R676L:K687R,0.291015625,EnsembleMLLR
R676L:K687E,1.05078125,EnsembleMLLR
R676L:I712V,0.981640625,EnsembleMLLR
R676L:I712T,-2.5845703125,EnsembleMLLR
R676L:I712M,-0.334375,EnsembleMLLR
R676L:I712L,1.74716796875,EnsembleMLLR
R676L:I712K,-11.2607421875,EnsembleMLLR
R676L:I703V,-0.7849609375,EnsembleMLLR
R676L:I703T,-4.1923583984375,EnsembleMLLR
R676L:I703N,-11.5227783203125,EnsembleMLLR
R676L:I703F,-3.9941650390624996,EnsembleMLLR
R676L:I702V,-0.08935546874999994,EnsembleMLLR
R676L:I702T,-3.2271484375,EnsembleMLLR
R676L:I702N,-5.9099609375,EnsembleMLLR
R676L:I702F,-3.411083984375,EnsembleMLLR
R676L:H685Y,-0.985546875,EnsembleMLLR
R676L:H685R,0.320703125,EnsembleMLLR
R676L:H685Q,0.798828125,EnsembleMLLR
R676L:H685N,0.8234375,EnsembleMLLR
R676G:V710I,-0.5693359375000001,EnsembleMLLR
R676L:H685L,0.05703124999999998,EnsembleMLLR
R676L:H684Y,-0.791015625,EnsembleMLLR
R676L:K687I,-1.2621093749999999,EnsembleMLLR
R676L:H684R,0.735546875,EnsembleMLLR
R676L:K687N,0.739453125,EnsembleMLLR
R676L:K687T,0.25390625,EnsembleMLLR
R676L:N698S,0.19511718749999998,EnsembleMLLR
R676L:N698I,-5.49296875,EnsembleMLLR
R676L:N698D,-3.2591796875,EnsembleMLLR
R676L:M706V,2.5412109375,EnsembleMLLR
R676L:M706T,-2.121875,EnsembleMLLR
R676L:M706L,4.680816650390625,EnsembleMLLR
R676L:M706K,-8.048828125,EnsembleMLLR
R676L:M706I,2.3615234375,EnsembleMLLR
R676L:L705P,-9.7300048828125,EnsembleMLLR
R676L:L705I,-1.3858154296874998,EnsembleMLLR
R676L:L705H,-12.800628662109375,EnsembleMLLR
R676L:L705F,-4.302441406250001,EnsembleMLLR
R676L:L688W,-3.4089843749999997,EnsembleMLLR
R676L:L688S,1.59375,EnsembleMLLR
R676L:L688M,-0.05078125,EnsembleMLLR
R676L:L688F,-1.1453125,EnsembleMLLR
R676L:K699R,1.0442382812500002,EnsembleMLLR
R676L:K699Q,-1.40703125,EnsembleMLLR
R676L:K699N,-2.3218750000000004,EnsembleMLLR
R676L:K699I,-2.6802734375,EnsembleMLLR
R676L:K699E,-3.58017578125,EnsembleMLLR
R676Q:G680V,0.190234375,EnsembleMLLR
R676L:H684Q,0.805078125,EnsembleMLLR
R676L:H684N,0.394140625,EnsembleMLLR
R676L:H684L,0.40859375000000003,EnsembleMLLR
R676L:F691I,1.8687500000000001,EnsembleMLLR
R676L:F690Y,1.17109375,EnsembleMLLR
R676L:F690S,3.3822265625,EnsembleMLLR
R676L:F690L,2.1234374999999996,EnsembleMLLR
R676L:F690I,1.2015625,EnsembleMLLR
R676L:E693V,-1.1927734375,EnsembleMLLR
R676L:E693K,-0.9947265624999999,EnsembleMLLR
R676L:E693G,-0.2091796875,EnsembleMLLR
R676L:E693D,0.38789062500000004,EnsembleMLLR
R676L:E682V,0.03515625,EnsembleMLLR
R676L:E682K,-0.16562500000000002,EnsembleMLLR
R676L:E682G,0.326171875,EnsembleMLLR
R676L:E682D,0.471484375,EnsembleMLLR
R676L:D694V,-1.0478515625,EnsembleMLLR
R676L:D694G,0.09140625000000002,EnsembleMLLR
R676L:D694E,0.6568359374999999,EnsembleMLLR
R676L:D678Y,-1.32734375,EnsembleMLLR
R676L:D678V,0.13710937499999998,EnsembleMLLR
R676L:D678N,0.04335937499999998,EnsembleMLLR
R676L:D678G,0.759765625,EnsembleMLLR
R676L:D678E,0.616015625,EnsembleMLLR
R676L:F691L,2.00390625,EnsembleMLLR
R676L:F691S,3.71953125,EnsembleMLLR
R676L:F691Y,0.86640625,EnsembleMLLR
R676L:G680V,0.348828125,EnsembleMLLR
R676L:H677Y,-0.595703125,EnsembleMLLR
R676L:H677R,0.678515625,EnsembleMLLR
R676L:H677Q,0.66640625,EnsembleMLLR
R676L:H677L,0.48164062500000004,EnsembleMLLR
R676L:H677D,1.56796875,EnsembleMLLR
R676L:G709S,-2.0743896484375,EnsembleMLLR
R676L:G709D,-11.135766601562501,EnsembleMLLR
R676L:G709C,-2.8728515625,EnsembleMLLR
R676L:G708V,-1.611181640625,EnsembleMLLR
R676L:G708S,-3.3328369140625,EnsembleMLLR
R676L:N698Y,-3.5111328125,EnsembleMLLR
R676L:G708R,-10.3474609375,EnsembleMLLR
R676L:G708C,-2.8965820312500004,EnsembleMLLR
R676L:G704R,-11.5503662109375,EnsembleMLLR
R676L:G704E,-11.43467025756836,EnsembleMLLR
R676L:G700S,-1.335693359375,EnsembleMLLR
R676L:G700D,-3.83984375,EnsembleMLLR
R676L:G700C,-8.74072265625,EnsembleMLLR
R676L:G700A,-1.134130859375,EnsembleMLLR
R676L:G696S,1.026953125,EnsembleMLLR
R676L:G696D,-0.17226562499999998,EnsembleMLLR
R676L:G696C,-6.1595703125000005,EnsembleMLLR
R676L:G708D,-11.564599609375,EnsembleMLLR
R676L:A713V,-0.382568359375,EnsembleMLLR
R676L:Q686H,0.276953125,EnsembleMLLR
R676L:Q686L,-0.271875,EnsembleMLLR
R676Q:A713G,-2.6505859375,EnsembleMLLR
R676Q:A701V,-1.67744140625,EnsembleMLLR
R676Q:A701T,-1.7197998046875,EnsembleMLLR
R676Q:A701S,-2.240966796875,EnsembleMLLR
R676Q:A701G,-4.2419677734375005,EnsembleMLLR
R676Q:A701E,-6.254199218749999,EnsembleMLLR
R676Q:A692V,-0.7265625,EnsembleMLLR
R676Q:A692T,-0.1078125,EnsembleMLLR
R676Q:A692E,0.6556640625,EnsembleMLLR
R676Q,0.06328125,EnsembleMLLR
R676P:V710D,-12.38779296875,EnsembleMLLR
R676P:V707E,-11.19794921875,EnsembleMLLR
R676P:V707A,-1.2876953125,EnsembleMLLR
R676P:S679T,0.31718749999999996,EnsembleMLLR
R676P:S679P,-0.07773437500000002,EnsembleMLLR
R676P:Q686H,0.291015625,EnsembleMLLR
R676P:N698Y,-2.83212890625,EnsembleMLLR
R676P:N698I,-4.5015624999999995,EnsembleMLLR
R676P:L705H,-12.615878295898439,EnsembleMLLR
R676P:L688S,2.67109375,EnsembleMLLR
R676P:L688M,-0.14999999999999997,EnsembleMLLR
R676Q:A713S,-4.1382568359375,EnsembleMLLR
R676P:K699R,1.04072265625,EnsembleMLLR
R676Q:A713T,-2.9936767578125,EnsembleMLLR
R676Q:D678E,0.15625,EnsembleMLLR
R676Q:F691S,2.822265625,EnsembleMLLR
R676Q:F691L,1.629296875,EnsembleMLLR
R676Q:F691I,1.3796875,EnsembleMLLR
R676Q:F690Y,0.736328125,EnsembleMLLR
R676Q:F690V,2.0046874999999997,EnsembleMLLR
R676Q:F690S,3.40625,EnsembleMLLR
R676Q:F690L,1.6148437500000001,EnsembleMLLR
R676Q:F690I,0.8234374999999999,EnsembleMLLR
R676Q:E693V,-1.7802734375,EnsembleMLLR
R676Q:E693G,-0.4171875,EnsembleMLLR
R676Q:E693D,0.0740234375,EnsembleMLLR
R676Q:E682V,-0.21601562500000002,EnsembleMLLR
R676Q:E682K,-0.566015625,EnsembleMLLR
R676Q:E682G,-0.077734375,EnsembleMLLR
R676Q:E682D,0.18984374999999998,EnsembleMLLR
R676Q:D694V,-1.4083984375,EnsembleMLLR
R676Q:D694G,-0.6171875,EnsembleMLLR
R676Q:D694E,0.3197265625,EnsembleMLLR
R676Q:D678Y,-1.9703125000000001,EnsembleMLLR
R676Q:D678V,-0.3734375,EnsembleMLLR
R676Q:D678G,0.194140625,EnsembleMLLR
R676Q:A713V,-1.1640625,EnsembleMLLR
R676P:K687I,-1.196484375,EnsembleMLLR
R676P:K687E,1.185546875,EnsembleMLLR
R676P:I712L,2.216943359375,EnsembleMLLR
R676L:V710A,-0.06220703124999999,EnsembleMLLR
R676L:V707M,-2.06220703125,EnsembleMLLR
R676L:V707E,-11.0712890625,EnsembleMLLR
R676L:V707A,-1.37412109375,EnsembleMLLR
R676L:V695M,-0.85546875,EnsembleMLLR
R676L:V695E,1.8052734375,EnsembleMLLR
R676L:V695A,1.33203125,EnsembleMLLR
R676L:V689M,-0.85625,EnsembleMLLR
R676L:V689E,0.9332031249999999,EnsembleMLLR
R676L:V689A,2.212890625,EnsembleMLLR
R676L:V683I,-0.328125,EnsembleMLLR
R676L:V683G,0.3296875,EnsembleMLLR
R676L:V683D,0.71640625,EnsembleMLLR
R676L:V683A,0.588671875,EnsembleMLLR
R676L:S697T,-0.426953125,EnsembleMLLR
R676L:S697P,-1.0873046875,EnsembleMLLR
R676L:S697L,-0.9345703124999999,EnsembleMLLR
R676L:S679T,0.35234374999999996,EnsembleMLLR
R676L:S679P,0.283984375,EnsembleMLLR
R676L:S679A,0.38203125,EnsembleMLLR
R676L:Q686R,0.451171875,EnsembleMLLR
R676L:V710D,-12.70458984375,EnsembleMLLR
R676L:V710I,-0.88173828125,EnsembleMLLR
R676L:V710L,0.017968749999999978,EnsembleMLLR
R676L:V711A,1.48369140625,EnsembleMLLR
R676P:H685R,0.864453125,EnsembleMLLR
R676P:H685Q,0.91015625,EnsembleMLLR
R676P:H684R,0.7390625,EnsembleMLLR
R676P:H684Q,0.6949218749999999,EnsembleMLLR
R676P:F691L,1.9859375000000001,EnsembleMLLR
R676P:F690Y,0.9140625,EnsembleMLLR
R676P:F690L,1.85078125,EnsembleMLLR
R676P:E693D,0.51875,EnsembleMLLR
R676P:E682V,-0.21445312500000002,EnsembleMLLR
R676P:E682G,0.627734375,EnsembleMLLR
R676L:Q686K,0.64140625,EnsembleMLLR
R676P:E682D,0.648828125,EnsembleMLLR
R676P:D694E,0.35664062500000004,EnsembleMLLR
R676P:A713V,-0.99306640625,EnsembleMLLR
R676P:A701V,-1.4135498046875,EnsembleMLLR
R676P,0.560546875,EnsembleMLLR
R676L:Y681N,1.67109375,EnsembleMLLR
R676L:Y681H,1.735546875,EnsembleMLLR
R676L:Y681F,0.53671875,EnsembleMLLR
R676L:Y681C,-3.9499999999999997,EnsembleMLLR
R676L:V711I,-0.526953125,EnsembleMLLR
R676L:V711D,-12.262890624999999,EnsembleMLLR
R676P:D694G,0.14179687499999993,EnsembleMLLR
R676L:A713T,-2.253564453125,EnsembleMLLR
R676L:A713S,-3.3103515625,EnsembleMLLR
R676L:A713E,-12.218359375,EnsembleMLLR
R676Q:V689G,2.3662109375,EnsembleMLLR
R676Q:V689M,-1.0902343749999999,EnsembleMLLR
R676Q:V695A,1.128125,EnsembleMLLR
R676Q:V695E,1.7476562500000001,EnsembleMLLR
R676Q:V695M,-1.015625,EnsembleMLLR
R676Q:V707A,-1.641259765625,EnsembleMLLR
R676Q:V707E,-11.814892578125,EnsembleMLLR
R676Q:F691Y,0.2421875,EnsembleMLLR
R676Q:V707M,-2.886865234375,EnsembleMLLR
R676Q:V710D,-13.15283203125,EnsembleMLLR
R676Q:V710I,-1.15546875,EnsembleMLLR
R676Q:V710L,-0.45781250000000007,EnsembleMLLR
R676Q:V711A,0.36494140625,EnsembleMLLR
R676Q:V711D,-12.90322265625,EnsembleMLLR
R676Q:V711I,-0.534375,EnsembleMLLR
R676Q:Y681C,-3.9828125,EnsembleMLLR
R676Q:V710A,0.010937500000000003,EnsembleMLLR
R676Q:Y681F,0.219921875,EnsembleMLLR
R676Q:V689A,1.8013671875,EnsembleMLLR
R676Q:V683I,-0.625390625,EnsembleMLLR
R676Q:N698D,-2.7980468750000003,EnsembleMLLR
R676Q:N698H,-2.6607666015625,EnsembleMLLR
R676Q:N698I,-5.2633300781250005,EnsembleMLLR
R676Q:N698S,-0.57412109375,EnsembleMLLR
R676Q:N698Y,-3.93896484375,EnsembleMLLR
R676Q:Q686H,-0.24062499999999998,EnsembleMLLR
R676Q:Q686K,0.261328125,EnsembleMLLR
R676Q:V683L,-0.26328125,EnsembleMLLR
R676Q:Q686L,-0.26640625,EnsembleMLLR
R676Q:S679P,-0.54921875,EnsembleMLLR
R676Q:S679T,-0.23515625,EnsembleMLLR
R676Q:S697L,-1.212109375,EnsembleMLLR
R676Q:S697P,-1.459375,EnsembleMLLR
R676Q:S697T,-0.26171875,EnsembleMLLR
R676Q:V683A,0.14296875,EnsembleMLLR
R676Q:V683D,0.631640625,EnsembleMLLR
R676Q:Q686R,-0.0062500000000000056,EnsembleMLLR
R676Q:M706V,1.094921875,EnsembleMLLR
R676Q:Y681H,1.462109375,EnsembleMLLR
R676S,0.791796875,EnsembleMLLR
R676G:H684L,0.584765625,EnsembleMLLR
R676G:H684R,0.6507812500000001,EnsembleMLLR
R676G:I712V,1.2892578125,EnsembleMLLR
R676G:K687I,-1.066015625,EnsembleMLLR
R676G:K699N,-2.24296875,EnsembleMLLR
R676G:K699R,0.896533203125,EnsembleMLLR
R676G:L688S,2.4265625,EnsembleMLLR
R676G:H677R,0.9203125,EnsembleMLLR
R676G:L705H,-12.220501708984374,EnsembleMLLR
R676G:N698Y,-2.62216796875,EnsembleMLLR
R676G:Q686H,0.244140625,EnsembleMLLR
R676G:Q686L,-0.25390625,EnsembleMLLR
R676G:Q686R,0.646484375,EnsembleMLLR
R676G:S697T,-0.103515625,EnsembleMLLR
R676G:V683D,0.871484375,EnsembleMLLR
R676G:V689E,1.072265625,EnsembleMLLR
R676G:N698D,-2.454296875,EnsembleMLLR
R676Q:Y681N,1.2390625,EnsembleMLLR
R676G:H677L,0.99453125,EnsembleMLLR
R676G:G708C,-3.266748046875,EnsembleMLLR
R676T,0.421875,EnsembleMLLR
R676W,-3.02109375,EnsembleMLLR
R676C,-5.564453125,EnsembleMLLR
R676G,0.73828125,EnsembleMLLR
R676G:A692E,1.111328125,EnsembleMLLR
R676G:A701T,-1.3602050781250001,EnsembleMLLR
R676G:A701V,-1.0473144531249998,EnsembleMLLR
R676G:G709S,-1.5983398437499998,EnsembleMLLR
R676G:E682D,0.6199218750000001,EnsembleMLLR
R676G:E693D,0.51171875,EnsembleMLLR
R676G:F690I,1.554296875,EnsembleMLLR
R676G:F690L,2.02421875,EnsembleMLLR
R676G:F691L,2.0953125,EnsembleMLLR
R676G:F691V,2.9363281249999997,EnsembleMLLR
R676G:F691Y,1.0703125,EnsembleMLLR
R676G:G696C,-5.43203125,EnsembleMLLR
R676G:E682G,0.670703125,EnsembleMLLR
R676Q:M706T,-2.158984375,EnsembleMLLR
R676Q:V689E,0.526953125,EnsembleMLLR
R676Q:M706K,-8.454296874999999,EnsembleMLLR
R676Q:G700R,-5.5729248046875,EnsembleMLLR
R676Q:G700S,-2.1431640625,EnsembleMLLR
R676Q:G704E,-10.97710723876953,EnsembleMLLR
R676Q:G704R,-12.145682907104492,EnsembleMLLR
R676Q:G704V,-8.05580406188965,EnsembleMLLR
R676Q:G708C,-4.703656005859375,EnsembleMLLR
R676Q:G708D,-12.196044921875,EnsembleMLLR
R676Q:G700D,-5.18583984375,EnsembleMLLR
R676Q:G708S,-3.607568359375,EnsembleMLLR
R676Q:G709C,-4.629638671875,EnsembleMLLR
R676Q:G709D,-11.427490234375,EnsembleMLLR
R676Q:G709S,-2.70791015625,EnsembleMLLR
R676Q:H677L,0.361328125,EnsembleMLLR
R676Q:H677Q,0.2390625,EnsembleMLLR
R676Q:M706L,3.85496826171875,EnsembleMLLR
R676Q:H677R,0.35195312500000003,EnsembleMLLR
R676Q:G708V,-1.9467041015624997,EnsembleMLLR
R676Q:H677Y,-0.512890625,EnsembleMLLR
R676Q:G700C,-9.664746093749999,EnsembleMLLR
R676Q:G696S,0.5953125,EnsembleMLLR
R676L:A701V,-1.399267578125,EnsembleMLLR
R676L:A701T,-1.4451660156250001,EnsembleMLLR
R676L:A701S,-2.80615234375,EnsembleMLLR
R676L:A701P,-1.8401367187499997,EnsembleMLLR
R676L:A701G,-3.304638671875,EnsembleMLLR
R676L:A701E,-6.60625,EnsembleMLLR
R676L:A692V,-0.292578125,EnsembleMLLR
R676Q:G696V,-1.2025390625,EnsembleMLLR
R676L:A692T,0.31171875000000004,EnsembleMLLR
R676K,0.46015625,EnsembleMLLR
R676I,-0.024609375,EnsembleMLLR
R676H,0.315234375,EnsembleMLLR
R676G:V711D,-12.766992187500001,EnsembleMLLR
R676G:V711A,0.93232421875,EnsembleMLLR
R676Q:G696C,-7.0537109375,EnsembleMLLR
R676Q:G696D,-0.813671875,EnsembleMLLR
R676L,0.589453125,EnsembleMLLR
R676Q:H684L,0.2234375,EnsembleMLLR
R676Q:G680E,0.15703125,EnsembleMLLR
R676Q:H684Q,0.35703124999999997,EnsembleMLLR
R676Q:I712T,-2.9337890625,EnsembleMLLR
R676Q:I712M,-1.0623046875,EnsembleMLLR
R676Q:I712L,1.3044921875,EnsembleMLLR
R676Q:I712K,-11.083984375,EnsembleMLLR
R676Q:I703V,-1.267333984375,EnsembleMLLR
R676Q:I703T,-4.55703125,EnsembleMLLR
R676Q:I703N,-11.88291015625,EnsembleMLLR
R676Q:I712V,0.6373046875,EnsembleMLLR
R676Q:I703F,-5.3781494140625,EnsembleMLLR
R676Q:I702T,-3.065234375,EnsembleMLLR
R676Q:I702N,-8.8197265625,EnsembleMLLR
R676Q:I702F,-3.44150390625,EnsembleMLLR
R676Q:H685Y,-1.7242187500000001,EnsembleMLLR
R676Q:H685R,0.259375,EnsembleMLLR
R676Q:H685Q,0.504296875,EnsembleMLLR
R676Q:H685P,0.42578125,EnsembleMLLR
R676Q:I702V,-0.34580078125,EnsembleMLLR
R676Q:H684N,0.147265625,EnsembleMLLR
R676Q:H685L,-0.30898437500000003,EnsembleMLLR
R676Q:K687I,-1.682421875,EnsembleMLLR
R676Q:H684R,0.133984375,EnsembleMLLR
R676Q:H684Y,-1.083203125,EnsembleMLLR
R676Q:M706I,1.8957031249999998,EnsembleMLLR
R676Q:L705V,-2.89051513671875,EnsembleMLLR
R676Q:L705P,-8.986413574218751,EnsembleMLLR
R676Q:L705H,-12.8233642578125,EnsembleMLLR
R676Q:L705F,-4.324542236328124,EnsembleMLLR
R676Q:K687E,0.7316406249999999,EnsembleMLLR
R676Q:L688S,1.31171875,EnsembleMLLR
R676Q:L688F,-1.2609375,EnsembleMLLR
R676Q:K699R,0.7107421875,EnsembleMLLR
R676Q:K699N,-2.1175781249999996,EnsembleMLLR
R676Q:K699I,-3.9396484375000003,EnsembleMLLR
R676Q:K699E,-4.8115234375,EnsembleMLLR
R676Q:K687R,0.08125,EnsembleMLLR
R676Q:K687Q,0.1,EnsembleMLLR
R676Q:K687N,0.31640625,EnsembleMLLR
R676Q:L688M,-0.515234375,EnsembleMLLR
H677R:K687N,0.41054687500000003,EnsembleMLLR
H677R:K687Q,0.38125,EnsembleMLLR
H677R:K687R,0.23867187500000003,EnsembleMLLR
H677R:K699I,-2.15859375,EnsembleMLLR
H677R:K699E,-4.736328125,EnsembleMLLR
H677R:N698Y,-2.61015625,EnsembleMLLR
H677R:Q686H,-0.19296874999999997,EnsembleMLLR
H677R:Q686K,0.28203125,EnsembleMLLR
H677R:Q686L,-0.861328125,EnsembleMLLR
H677R:Q686P,0.329296875,EnsembleMLLR
H677R:Q686R,-0.013281250000000022,EnsembleMLLR
H677R:S679L,-0.20468750000000002,EnsembleMLLR
H677R:N698S,-0.12250976562499999,EnsembleMLLR
H677R:S679P,-0.46796875,EnsembleMLLR
H677R:S697A,-0.21132812500000003,EnsembleMLLR
H677R:S697L,-0.23710937500000007,EnsembleMLLR
H677R:S697P,-1.307421875,EnsembleMLLR
H677R:S697T,-0.51875,EnsembleMLLR
H677R:V683A,0.395703125,EnsembleMLLR
H677R:V683D,0.230078125,EnsembleMLLR
H677R:V683F,-1.533203125,EnsembleMLLR
H677R:S679T,0.012500000000000011,EnsembleMLLR
H677R:K687T,0.173046875,EnsembleMLLR
H677R:N698D,-2.9966796875000004,EnsembleMLLR
H677R:M706T,-2.077734375,EnsembleMLLR
H677R:K699N,-2.7990234375,EnsembleMLLR
H677R:K699Q,-1.0335937499999999,EnsembleMLLR
H677R:K699R,0.752392578125,EnsembleMLLR
H677R:L688F,-1.03671875,EnsembleMLLR
H677R:L688M,-0.31953125,EnsembleMLLR
H677R:L688S,1.8515625,EnsembleMLLR
H677R:L688V,0.6236328125,EnsembleMLLR
H677R:M706V,1.915625,EnsembleMLLR
H677R:L688W,-3.918359375,EnsembleMLLR
H677R:L705H,-12.825927734375,EnsembleMLLR
H677R:L705I,-1.93905029296875,EnsembleMLLR
H677R:L705P,-9.174664306640626,EnsembleMLLR
H677R:L705R,-11.86204833984375,EnsembleMLLR
H677R:M706I,1.856640625,EnsembleMLLR
H677R:M706K,-8.1265625,EnsembleMLLR
H677R:M706L,3.7325927734375,EnsembleMLLR
H677R:L705F,-4.432818603515625,EnsembleMLLR
H677R:N698I,-4.2625,EnsembleMLLR
H677D,1.197265625,EnsembleMLLR
H677R:V683I,-0.38125,EnsembleMLLR
H677Y:K687N,-0.678515625,EnsembleMLLR
H677Y:K687R,-0.62421875,EnsembleMLLR
H677Y:K699E,-5.517578125,EnsembleMLLR
H677Y:K699I,-3.753125,EnsembleMLLR
H677Y:K699N,-3.3109375,EnsembleMLLR
H677Y:K699R,-0.4783691406249999,EnsembleMLLR
H677Y:L688F,-2.416796875,EnsembleMLLR
H677Y:L688M,-1.4765625,EnsembleMLLR
H677Y:L688S,1.15390625,EnsembleMLLR
H677Y:L705F,-5.37919921875,EnsembleMLLR
H677Y:L705H,-13.514593505859375,EnsembleMLLR
H677Y:L705P,-10.340728759765625,EnsembleMLLR
H677Y:M706I,0.38593750000000004,EnsembleMLLR
H677Y:M706K,-8.951171875,EnsembleMLLR
H677Y:M706L,3.4367431640625,EnsembleMLLR
H677Y:K687I,-2.81953125,EnsembleMLLR
H677Y:M706T,-2.476171875,EnsembleMLLR
H677Y:K687E,0.12265625000000002,EnsembleMLLR
H677Y:I712T,-3.0765624999999996,EnsembleMLLR
H677Y:H685L,-0.98515625,EnsembleMLLR
H677Y:H685N,-0.39531250000000007,EnsembleMLLR
H677Y:H685Q,-0.8359374999999999,EnsembleMLLR
H677Y:H685R,-1.1800781249999999,EnsembleMLLR
H677Y:I702F,-4.068359375,EnsembleMLLR
H677Y:I702N,-9.629052734375,EnsembleMLLR
H677Y:I702T,-5.01044921875,EnsembleMLLR
H677Y:I702V,-1.38232421875,EnsembleMLLR
H677Y:I703F,-6.3403564453125,EnsembleMLLR
H677Y:I703N,-12.3115478515625,EnsembleMLLR
H677Y:I703T,-6.2301025390625,EnsembleMLLR
H677Y:I703V,-1.947021484375,EnsembleMLLR
H677Y:I712K,-12.1935546875,EnsembleMLLR
H677Y:I712L,0.9189941406250001,EnsembleMLLR
H677Y:I712M,-2.360546875,EnsembleMLLR
H677Y:I712V,0.0615234375,EnsembleMLLR
H677Y:M706V,0.5582031249999999,EnsembleMLLR
H677Y:N698D,-4.080859375,EnsembleMLLR
H677Y:N698I,-6.6783203125,EnsembleMLLR
H677Y:V695M,-1.9874999999999998,EnsembleMLLR
H677Y:V707A,-2.14296875,EnsembleMLLR
H677Y:V707E,-12.7412109375,EnsembleMLLR
H677Y:V707M,-3.5369140625,EnsembleMLLR
H677Y:V710A,-0.9871093750000001,EnsembleMLLR
H677Y:V710D,-13.64169921875,EnsembleMLLR
H677Y:V710I,-1.60185546875,EnsembleMLLR
H677Y:V711A,0.1377929687499999,EnsembleMLLR
H677Y:V711D,-14.16171875,EnsembleMLLR
H677Y:V711I,-1.690625,EnsembleMLLR
H677Y:V711L,-0.43837890625,EnsembleMLLR
H677Y:Y681C,-4.609375,EnsembleMLLR
H677Y:Y681F,-1.1140625000000002,EnsembleMLLR
H677Y:Y681H,0.18867187499999993,EnsembleMLLR
H677Y:Y681N,0.5679687499999999,EnsembleMLLR
H677Y:V695E,0.29355468750000013,EnsembleMLLR
H677Y:V695A,0.13828125000000002,EnsembleMLLR
H677Y:V689M,-1.771875,EnsembleMLLR
H677Y:V689G,0.539453125,EnsembleMLLR
H677Y:N698S,-1.45224609375,EnsembleMLLR
H677Y:N698Y,-4.88385009765625,EnsembleMLLR
H677Y:Q686H,-1.184765625,EnsembleMLLR
H677Y:Q686L,-1.30703125,EnsembleMLLR
H677Y:Q686R,-0.910546875,EnsembleMLLR
H677Y:S679P,-1.69609375,EnsembleMLLR
H677Y:S679T,-0.996875,EnsembleMLLR
H677Y:H684Y,-1.9621093749999998,EnsembleMLLR
H677Y:S697L,-2.0470703125,EnsembleMLLR
H677Y:S697T,-1.56640625,EnsembleMLLR
H677Y:V683A,-0.817578125,EnsembleMLLR
H677Y:V683D,-0.81328125,EnsembleMLLR
H677Y:V683F,-2.53125,EnsembleMLLR
H677Y:V683I,-1.654296875,EnsembleMLLR
H677Y:V689A,0.7376953124999999,EnsembleMLLR
H677Y:V689E,-0.22382812500000004,EnsembleMLLR
H677Y:S697P,-1.8624999999999998,EnsembleMLLR
H677R:K687I,-1.492578125,EnsembleMLLR
H677Y:H684R,-0.35703125,EnsembleMLLR
H677Y:H684L,-0.748828125,EnsembleMLLR
H677R:Y681C,-4.125,EnsembleMLLR
H677R:Y681F,0.37265625,EnsembleMLLR
H677R:Y681H,1.449609375,EnsembleMLLR
H677R:Y681L,1.8558593749999999,EnsembleMLLR
H677R:Y681N,1.269140625,EnsembleMLLR
H677R:Y681S,1.698828125,EnsembleMLLR
H677S,0.83671875,EnsembleMLLR
H677Y,-1.05546875,EnsembleMLLR
H677Y:A692E,-0.2373046875,EnsembleMLLR
H677Y:A692T,-1.2375,EnsembleMLLR
H677Y:A692V,-1.5375,EnsembleMLLR
H677Y:A701S,-3.452001953125,EnsembleMLLR
H677Y:A701T,-2.30712890625,EnsembleMLLR
H677Y:A701V,-1.6754882812499998,EnsembleMLLR
H677Y:A713S,-5.1808837890624995,EnsembleMLLR
H677R:V711I,-0.86025390625,EnsembleMLLR
H677Y:A713T,-4.266015625,EnsembleMLLR
H677R:V711F,-2.3056640625,EnsembleMLLR
H677R:V711A,1.12314453125,EnsembleMLLR
H677R:V689A,1.6240234375,EnsembleMLLR
H677R:V689E,0.642578125,EnsembleMLLR
H677R:V689G,2.1845703125,EnsembleMLLR
H677R:V689M,-1.177734375,EnsembleMLLR
H677R:V695A,1.04765625,EnsembleMLLR
H677R:V695E,1.6447265625,EnsembleMLLR
H677R:V695G,1.892578125,EnsembleMLLR
H677R:V695M,-0.80859375,EnsembleMLLR
H677R:V707A,-1.942529296875,EnsembleMLLR
H677R:V707E,-10.718505859375,EnsembleMLLR
H677R:V707L,-1.516796875,EnsembleMLLR
H677R:V707M,-2.786962890625,EnsembleMLLR
H677R:V710A,-0.24580078125000004,EnsembleMLLR
H677R:V710D,-13.15517578125,EnsembleMLLR
H677R:V710I,-0.6080078124999999,EnsembleMLLR
H677R:V711D,-13.0865234375,EnsembleMLLR
H677Y:A713V,-1.7351562500000002,EnsembleMLLR
H677Y:D678G,-0.455078125,EnsembleMLLR
H677Y:D678N,-1.1578125,EnsembleMLLR
H677Y:G680V,-0.5503906249999999,EnsembleMLLR
H677Y:G696C,-7.521875,EnsembleMLLR
H677Y:G696D,-1.4582031249999998,EnsembleMLLR
H677Y:G696S,-0.013476562500000067,EnsembleMLLR
H677Y:G700C,-11.2298583984375,EnsembleMLLR
H677Y:G700D,-6.2209716796875,EnsembleMLLR
H677Y:G700S,-2.726171875,EnsembleMLLR
H677Y:G704E,-12.926634216308594,EnsembleMLLR
H677Y:G708C,-4.699169921875,EnsembleMLLR
H677Y:G708D,-12.360009765625,EnsembleMLLR
H677Y:G708S,-5.0956298828125,EnsembleMLLR
H677Y:G708V,-2.853125,EnsembleMLLR
H677Y:G709C,-4.257763671875,EnsembleMLLR
H677Y:G709S,-3.6912109375,EnsembleMLLR
H677Y:G709V,-2.5236572265625,EnsembleMLLR
H677Y:G680R,-1.659375,EnsembleMLLR
H677Y:G680E,-0.5375,EnsembleMLLR
H677Y:F691Y,-0.34882812500000004,EnsembleMLLR
H677Y:F691S,2.64140625,EnsembleMLLR
H677Y:D678V,-1.60390625,EnsembleMLLR
H677Y:D694E,-1.05546875,EnsembleMLLR
H677Y:D694G,-1.4052734375,EnsembleMLLR
H677Y:D694V,-2.62578125,EnsembleMLLR
H677Y:E682D,-1.003125,EnsembleMLLR
H677Y:E682G,-1.060546875,EnsembleMLLR
H677Y:E682V,-1.11484375,EnsembleMLLR
H677Y:H684Q,-0.03476562499999997,EnsembleMLLR
H677Y:E693D,-0.9041015625,EnsembleMLLR
H677Y:E693V,-2.54921875,EnsembleMLLR
H677Y:F690I,0.027734374999999978,EnsembleMLLR
H677Y:F690L,0.4761718749999999,EnsembleMLLR
H677Y:F690S,2.7369140625,EnsembleMLLR
H677Y:F690Y,-0.6781250000000001,EnsembleMLLR
H677Y:F691I,0.30390625000000004,EnsembleMLLR
H677Y:F691L,0.49609375,EnsembleMLLR
H677Y:E693G,-1.5384765625,EnsembleMLLR
H677R:K687E,1.0703125,EnsembleMLLR
H677R:I712V,1.2507812500000002,EnsembleMLLR
H677R:I712T,-2.367578125,EnsembleMLLR
H677L:V683D,0.44023437499999996,EnsembleMLLR
H677L:V683F,-1.422265625,EnsembleMLLR
H677L:V683G,0.33984375,EnsembleMLLR
H677L:V683I,-0.71015625,EnsembleMLLR
H677L:V683L,-0.50703125,EnsembleMLLR
H677L:V689A,1.3533203125,EnsembleMLLR
H677L:V689E,1.000390625,EnsembleMLLR
H677L:V689G,2.2041015625,EnsembleMLLR
H677L:V689L,-0.3265625,EnsembleMLLR
H677L:V689M,-1.0921875,EnsembleMLLR
H677L:V695A,0.7718750000000001,EnsembleMLLR
H677L:V695E,1.1041015625,EnsembleMLLR
H677L:V695G,1.65,EnsembleMLLR
H677L:V695M,-0.8624999999999999,EnsembleMLLR
H677L:V683A,0.059375,EnsembleMLLR
H677L:V707A,-1.7901855468749999,EnsembleMLLR
H677L:V707L,-1.2527343750000002,EnsembleMLLR
H677L:V707M,-3.110986328125,EnsembleMLLR
H677L:V710A,-0.46962890625000003,EnsembleMLLR
H677L:V710D,-13.015234375,EnsembleMLLR
H677L:V710G,-1.75087890625,EnsembleMLLR
H677L:V710I,-1.181640625,EnsembleMLLR
H677L:V710L,0.39296875,EnsembleMLLR
H677L:V711A,0.8943847656249999,EnsembleMLLR
H677L:V711D,-13.0517578125,EnsembleMLLR
H677L:V711G,-3.9644531250000004,EnsembleMLLR
H677L:V711I,-0.7769531249999999,EnsembleMLLR
H677L:Y681C,-4.2261718749999995,EnsembleMLLR
H677L:Y681F,0.2546875,EnsembleMLLR
H677L:Y681H,1.17890625,EnsembleMLLR
H677L:V707E,-10.955664062499999,EnsembleMLLR
H677L:S697T,-0.6806640625,EnsembleMLLR
H677L:S697P,-1.1544921874999998,EnsembleMLLR
H677L:S697L,-1.617578125,EnsembleMLLR
H677L:K687T,0.13125,EnsembleMLLR
H677L:K699E,-4.432421875,EnsembleMLLR
H677L:K699I,-2.1076171875000003,EnsembleMLLR
H677L:K699N,-3.3425781249999997,EnsembleMLLR
H677L:K699R,0.94921875,EnsembleMLLR
H677L:L688F,-1.4523437499999998,EnsembleMLLR
H677L:L688M,-0.650390625,EnsembleMLLR
H677L:L688S,2.125390625,EnsembleMLLR
H677L:L705F,-3.925341796875,EnsembleMLLR
H677L:L705H,-12.994561767578125,EnsembleMLLR
H677L:L705I,-1.6600219726562502,EnsembleMLLR
H677L:L705P,-9.17701416015625,EnsembleMLLR
H677L:L705V,-2.167919921875,EnsembleMLLR
H677L:M706I,1.9875,EnsembleMLLR
H677L:M706K,-8.292578125,EnsembleMLLR
H677L:M706L,3.4611328125,EnsembleMLLR
H677L:M706T,-1.83359375,EnsembleMLLR
H677L:S697A,-0.6550781250000001,EnsembleMLLR
H677L:S679T,-0.3640625,EnsembleMLLR
H677L:S679P,-0.50859375,EnsembleMLLR
H677L:S679L,-1.101171875,EnsembleMLLR
H677L:Q686R,0.613671875,EnsembleMLLR
H677L:Q686P,0.06953125,EnsembleMLLR
H677L:Y681N,1.5746093749999999,EnsembleMLLR
H677L:Q686L,-0.444921875,EnsembleMLLR
H677L:Q686H,-0.26015625,EnsembleMLLR
H677L:N698Y,-3.765234375,EnsembleMLLR
H677L:N698S,-0.48994140625000004,EnsembleMLLR
H677L:N698I,-5.1829589843749995,EnsembleMLLR
H677L:N698D,-3.25419921875,EnsembleMLLR
H677L:M706V,0.8158203125000001,EnsembleMLLR
H677L:Q686K,0.226171875,EnsembleMLLR
H677N,-0.059765625,EnsembleMLLR
H677N:A701T,-1.6937499999999999,EnsembleMLLR
H677N:A713V,-0.49145507812500006,EnsembleMLLR
H677N:Q686L,-1.134765625,EnsembleMLLR
H677N:S679P,-0.787109375,EnsembleMLLR
H677N:S697T,-0.54453125,EnsembleMLLR
H677N:V683A,-0.052343749999999994,EnsembleMLLR
H677N:V683D,0.28867187499999997,EnsembleMLLR
H677N:V689A,1.8253906249999998,EnsembleMLLR
H677N:V689E,0.15898437499999996,EnsembleMLLR
H677N:V689M,-0.836328125,EnsembleMLLR
H677N:V695E,1.7537109375,EnsembleMLLR
H677N:V707A,-2.2263671875,EnsembleMLLR
H677N:V707E,-11.59345703125,EnsembleMLLR
H677N:V707M,-3.11640625,EnsembleMLLR
H677N:V711I,-0.9953124999999999,EnsembleMLLR
H677N:Y681C,-4.9027343750000005,EnsembleMLLR
H677P,1.661328125,EnsembleMLLR
H677P:D694E,1.168359375,EnsembleMLLR
H677P:E682D,1.1123046875,EnsembleMLLR
H677P:H685Q,1.7568359375,EnsembleMLLR
H677P:H684R,1.642578125,EnsembleMLLR
H677P:G709S,-2.118701171875,EnsembleMLLR
H677P:G709D,-10.445703125,EnsembleMLLR
H677P:G709C,-2.39798583984375,EnsembleMLLR
H677P:G700C,-7.5123657226562495,EnsembleMLLR
H677N:Q686H,-0.57890625,EnsembleMLLR
H677P:G696C,-5.871484375,EnsembleMLLR
H677P:F691L,3.13984375,EnsembleMLLR
H677P:F691I,2.448046875,EnsembleMLLR
H677P:F690Y,1.7117187500000002,EnsembleMLLR
H677P:E693D,1.2787109375,EnsembleMLLR
H677P:E682V,0.823046875,EnsembleMLLR
H677P:E682G,1.2185546875,EnsembleMLLR
H677P:F691S,4.738476562500001,EnsembleMLLR
H677L:K687R,-0.053125000000000006,EnsembleMLLR
H677N:N698D,-3.3802734375,EnsembleMLLR
H677N:M706K,-8.505078125,EnsembleMLLR
H677N:D678G,-0.15937500000000002,EnsembleMLLR
H677N:D678V,-0.221875,EnsembleMLLR
H677N:D694E,0.13261718749999998,EnsembleMLLR
H677N:E682D,-0.45624999999999993,EnsembleMLLR
H677N:E682V,-0.739453125,EnsembleMLLR
H677N:E693V,-1.5501953124999999,EnsembleMLLR
H677N:F690I,0.052734375,EnsembleMLLR
H677N:F690L,1.062109375,EnsembleMLLR
H677N:F690Y,0.61328125,EnsembleMLLR
H677N:F691L,1.0882812499999999,EnsembleMLLR
H677N:F691Y,0.36171875,EnsembleMLLR
H677N:G709C,-4.1077636718749995,EnsembleMLLR
H677N:G709D,-11.333740234375,EnsembleMLLR
H677N:G709S,-2.98564453125,EnsembleMLLR
H677N:H684L,-0.379296875,EnsembleMLLR
H677N:H684Q,0.23476562499999998,EnsembleMLLR
H677N:H685L,-0.762890625,EnsembleMLLR
H677N:M706I,1.4625,EnsembleMLLR
H677N:L705H,-13.017419433593751,EnsembleMLLR
H677N:L688M,-1.4972656249999998,EnsembleMLLR
H677N:K699R,0.41748046875,EnsembleMLLR
H677N:K699N,-3.3205078125000003,EnsembleMLLR
H677N:K699I,-3.609375,EnsembleMLLR
H677N:M706V,1.7210937499999999,EnsembleMLLR
H677N:K687R,-0.48320312499999996,EnsembleMLLR
H677N:K687E,0.876953125,EnsembleMLLR
H677N:I712T,-3.4140625,EnsembleMLLR
H677N:I712L,1.27626953125,EnsembleMLLR
H677N:I703T,-5.3984619140625005,EnsembleMLLR
H677N:I702V,-1.136328125,EnsembleMLLR
H677N:H685R,0.031640625000000006,EnsembleMLLR
H677N:K687I,-1.81328125,EnsembleMLLR
H677L:K687N,0.408984375,EnsembleMLLR
H677L:K687I,-1.7359375,EnsembleMLLR
H677L:K687E,1.325,EnsembleMLLR
H677D:S697P,-0.06113281250000013,EnsembleMLLR
H677D:S697T,0.5154296875000001,EnsembleMLLR
H677D:V695E,2.0564453125,EnsembleMLLR
H677D:V710I,-0.2422851562499999,EnsembleMLLR
H677D:V711D,-11.386523437500001,EnsembleMLLR
H677E,1.006640625,EnsembleMLLR
H677F,-0.8578125,EnsembleMLLR
H677I,-0.220703125,EnsembleMLLR
H677K,0.689453125,EnsembleMLLR
H677L,-0.18515625,EnsembleMLLR
H677L:A692E,0.9439453124999999,EnsembleMLLR
H677L:A692G,0.5998046875,EnsembleMLLR
H677L:A692T,0.22499999999999998,EnsembleMLLR
H677L:A692V,-0.45039062500000004,EnsembleMLLR
H677L:A701E,-7.031542968749999,EnsembleMLLR
H677L:A701G,-4.00224609375,EnsembleMLLR
H677L:A701S,-2.7056152343749997,EnsembleMLLR
H677L:D694N,-0.8609374999999999,EnsembleMLLR
H677L:D694G,-0.15605468750000007,EnsembleMLLR
H677L:D694E,0.20781249999999998,EnsembleMLLR
H677L:D678Y,-1.741015625,EnsembleMLLR
H677L:D678N,-0.565234375,EnsembleMLLR
H677L:D678G,0.438671875,EnsembleMLLR
H677D:Q686R,1.198828125,EnsembleMLLR
H677L:D678E,0.383203125,EnsembleMLLR
H677L:A713V,-1.3634765625,EnsembleMLLR
H677L:A713T,-2.2433593750000003,EnsembleMLLR
H677L:A713S,-4.2283935546875,EnsembleMLLR
H677L:A713E,-12.7743896484375,EnsembleMLLR
H677L:A701V,-2.019140625,EnsembleMLLR
H677L:A701T,-1.71240234375,EnsembleMLLR
H677L:D678A,-0.132421875,EnsembleMLLR
H677L:D694V,-1.50625,EnsembleMLLR
H677D:Q686H,1.09375,EnsembleMLLR
H677D:L705H,-11.906048583984374,EnsembleMLLR
H677D:A713V,0.11296386718749996,EnsembleMLLR
H677D:D678G,1.273828125,EnsembleMLLR
H677D:E682D,1.3832031249999999,EnsembleMLLR
H677D:E682G,1.2796874999999999,EnsembleMLLR
H677D:E682V,1.148046875,EnsembleMLLR
H677D:E693D,1.001171875,EnsembleMLLR
H677D:E693G,0.40117187500000007,EnsembleMLLR
H677D:E693V,-0.844921875,EnsembleMLLR
H677D:F690I,1.9074218749999998,EnsembleMLLR
H677D:F690L,2.45078125,EnsembleMLLR
H677D:F690Y,1.88125,EnsembleMLLR
H677D:F691C,-2.7609375,EnsembleMLLR
H677D:F691L,2.68515625,EnsembleMLLR
H677D:F691Y,1.54375,EnsembleMLLR
H677D:G696S,1.89921875,EnsembleMLLR
H677D:G704R,-11.288719177246094,EnsembleMLLR
H677D:G708S,-2.555712890625,EnsembleMLLR
H677D:L705F,-3.101019287109375,EnsembleMLLR
H677D:L688S,2.3531250000000004,EnsembleMLLR
H677D:L688M,0.41230468749999993,EnsembleMLLR
H677D:K699R,1.8445312500000002,EnsembleMLLR
H677D:K699N,-0.7041015625,EnsembleMLLR
H677D:K699I,-1.83798828125,EnsembleMLLR
H677D:N698I,-4.376025390624999,EnsembleMLLR
H677D:K687R,0.9175781249999999,EnsembleMLLR
H677D:I712L,2.46748046875,EnsembleMLLR
H677D:I702V,0.563671875,EnsembleMLLR
H677D:H685Q,1.0990234375,EnsembleMLLR
H677D:H685L,0.22812500000000002,EnsembleMLLR
H677D:H684L,1.5591796875000001,EnsembleMLLR
H677D:G709S,-1.9775878906249997,EnsembleMLLR
H677D:K687E,2.20078125,EnsembleMLLR
H677P:H685R,1.7783203125,EnsembleMLLR
H677L:D694Y,-2.7824218750000003,EnsembleMLLR
H677L:E682G,0.0703125,EnsembleMLLR
H677L:G708R,-10.59244384765625,EnsembleMLLR
H677L:G708S,-3.6670166015625,EnsembleMLLR
H677L:G708V,-1.8342651367187501,EnsembleMLLR
H677L:G709A,-0.6760498046874999,EnsembleMLLR
H677L:G709C,-3.3302978515625004,EnsembleMLLR
H677L:G709D,-11.4203857421875,EnsembleMLLR
H677L:G709S,-2.3625,EnsembleMLLR
H677L:H684L,0.06523437500000001,EnsembleMLLR
H677L:H684N,0.519921875,EnsembleMLLR
H677L:H684Q,0.622265625,EnsembleMLLR
H677L:H684R,0.525,EnsembleMLLR
H677L:H684Y,-1.212890625,EnsembleMLLR
H677L:H685L,-0.809765625,EnsembleMLLR
H677L:H685N,0.5984375,EnsembleMLLR
H677L:H685Q,0.355078125,EnsembleMLLR
H677L:H685R,0.226953125,EnsembleMLLR
H677L:H685Y,-1.173828125,EnsembleMLLR
H677L:I712V,0.5025390625,EnsembleMLLR
H677L:I712T,-3.0509765625,EnsembleMLLR
H677L:I712M,-1.090625,EnsembleMLLR
H677L:I712L,1.354931640625,EnsembleMLLR
H677L:I712K,-11.4560546875,EnsembleMLLR
H677L:I703V,-1.50478515625,EnsembleMLLR
H677L:G708D,-11.14970703125,EnsembleMLLR
H677L:I703T,-5.4477783203125,EnsembleMLLR
H677L:I703L,-3.1111083984375,EnsembleMLLR
H677L:I703F,-4.9048583984375,EnsembleMLLR
H677L:I702V,-0.596142578125,EnsembleMLLR
H677L:I702T,-3.11953125,EnsembleMLLR
H677L:I702N,-6.99697265625,EnsembleMLLR
H677L:I702F,-4.300488281250001,EnsembleMLLR
H677L:I703N,-10.448925781249999,EnsembleMLLR
H677L:E682D,0.0748046875,EnsembleMLLR
H677L:G708C,-4.2999633789062495,EnsembleMLLR
H677L:G704V,-7.29188232421875,EnsembleMLLR
H677L:E682K,-0.719921875,EnsembleMLLR
H677L:E682V,-0.07695312500000001,EnsembleMLLR
H677L:E693D,0.06757812499999999,EnsembleMLLR
H677L:E693G,-0.637109375,EnsembleMLLR
H677L:E693K,-1.6021484375000001,EnsembleMLLR
H677L:E693V,-1.25546875,EnsembleMLLR
H677L:F690I,1.239453125,EnsembleMLLR
H677L:F690L,1.680859375,EnsembleMLLR
H677L:F690S,2.679296875,EnsembleMLLR
H677L:F690V,1.906640625,EnsembleMLLR
H677L:F690Y,0.6671875,EnsembleMLLR
H677L:F691C,-2.846875,EnsembleMLLR
H677L:F691I,1.487109375,EnsembleMLLR
H677L:F691L,1.8531250000000001,EnsembleMLLR
H677L:F691S,3.3734375,EnsembleMLLR
H677L:F691V,2.476953125,EnsembleMLLR
H677L:F691Y,0.15703125,EnsembleMLLR
H677L:G704R,-11.409272766113283,EnsembleMLLR
H677L:G704E,-12.687952041625977,EnsembleMLLR
H677L:G700D,-5.109912109375,EnsembleMLLR
H677L:G700C,-9.464208984375,EnsembleMLLR
H677L:G700A,-1.7396606445312501,EnsembleMLLR
H677L:G696V,-1.287890625,EnsembleMLLR
H677L:G708A,0.04096679687499999,EnsembleMLLR
H677L:G696S,0.8498046875,EnsembleMLLR
H677L:G696D,0.0751953125,EnsembleMLLR
H677L:G696C,-6.8361328125,EnsembleMLLR
H677L:G696A,-0.468359375,EnsembleMLLR
H677L:G680V,0.34882812500000004,EnsembleMLLR
H677L:G680R,-0.125,EnsembleMLLR
H677L:G680E,0.041015625,EnsembleMLLR
H677L:G696R,-1.785546875,EnsembleMLLR
H677P:I712L,2.968994140625,EnsembleMLLR
H677P:K687I,-0.26152343749999996,EnsembleMLLR
H677P:K699E,-3.237890625,EnsembleMLLR
H677Q:V710L,-0.1697265625,EnsembleMLLR
H677Q:V711A,0.47568359374999997,EnsembleMLLR
H677Q:V711D,-12.507617187500001,EnsembleMLLR
H677Q:V711F,-2.0865234375,EnsembleMLLR
H677Q:V711G,-3.08203125,EnsembleMLLR
H677Q:V711I,-0.7533203125,EnsembleMLLR
H677Q:V711L,0.107421875,EnsembleMLLR
H677Q:Y681C,-4.10625,EnsembleMLLR
H677Q:Y681F,0.147265625,EnsembleMLLR
H677Q:Y681H,1.531640625,EnsembleMLLR
H677Q:Y681N,1.5257812499999999,EnsembleMLLR
H677Q:Y681S,2.0,EnsembleMLLR
H677R,0.1625,EnsembleMLLR
H677R:A692E,0.9240234374999999,EnsembleMLLR
H677R:A692G,0.887109375,EnsembleMLLR
H677R:A692T,-0.161328125,EnsembleMLLR
H677R:A692V,-0.397265625,EnsembleMLLR
H677R:D678Y,-1.82421875,EnsembleMLLR
H677R:D678V,-0.24453124999999998,EnsembleMLLR
H677R:D678N,-0.16640625,EnsembleMLLR
H677R:D678G,0.5671875,EnsembleMLLR
H677R:D678E,0.24179687500000002,EnsembleMLLR
H677R:A713V,-0.710498046875,EnsembleMLLR
H677Q:V710I,-0.8501953125,EnsembleMLLR
H677R:A713T,-2.6646484375,EnsembleMLLR
H677R:A713P,-9.583105468749999,EnsembleMLLR
H677R:A713E,-12.205126953125,EnsembleMLLR
H677R:A701V,-1.94443359375,EnsembleMLLR
H677R:A701T,-1.3252929687500001,EnsembleMLLR
H677R:A701S,-2.40966796875,EnsembleMLLR
H677R:A701E,-6.000439453125001,EnsembleMLLR
H677R:A713S,-3.8814453125000004,EnsembleMLLR
H677R:D694E,0.4404296875,EnsembleMLLR
H677Q:V710F,-2.6683593749999996,EnsembleMLLR
H677Q:V710A,-0.44726562500000006,EnsembleMLLR
H677Q:N698Y,-3.70166015625,EnsembleMLLR
H677Q:Q686H,-0.05820312500000002,EnsembleMLLR
H677Q:Q686K,0.2875,EnsembleMLLR
H677Q:Q686L,-0.591796875,EnsembleMLLR
H677Q:Q686P,0.0703125,EnsembleMLLR
H677Q:Q686R,0.06171875,EnsembleMLLR
H677Q:S679L,-0.15,EnsembleMLLR
H677Q:S679P,-0.556640625,EnsembleMLLR
H677Q:S679T,-0.11054687499999999,EnsembleMLLR
H677Q:S697L,-1.4896484375,EnsembleMLLR
H677Q:S697P,-1.1490234375,EnsembleMLLR
H677Q:S697T,-0.6298828125,EnsembleMLLR
H677Q:V683A,0.58671875,EnsembleMLLR
H677Q:V683D,0.51015625,EnsembleMLLR
H677Q:V683F,-1.7359375000000001,EnsembleMLLR
H677Q:V683I,-0.49882812500000007,EnsembleMLLR
H677Q:V683L,-0.007421875000000022,EnsembleMLLR
H677Q:V707M,-2.736865234375,EnsembleMLLR
H677Q:V707L,-1.9388183593750001,EnsembleMLLR
H677Q:V707G,-4.5537109375,EnsembleMLLR
H677Q:V707E,-10.94296875,EnsembleMLLR
H677Q:V707A,-1.74453125,EnsembleMLLR
H677Q:V695M,-0.8691406250000001,EnsembleMLLR
H677Q:V710D,-13.0986328125,EnsembleMLLR
H677Q:V695L,-0.24140625,EnsembleMLLR
H677Q:V695E,1.7248046874999998,EnsembleMLLR
H677Q:V695A,1.126171875,EnsembleMLLR
H677Q:V689M,-1.07421875,EnsembleMLLR
H677Q:V689G,1.8619140625,EnsembleMLLR
H677Q:V689E,0.75859375,EnsembleMLLR
H677Q:V689A,1.7513671875,EnsembleMLLR
H677Q:V695G,1.3685546874999999,EnsembleMLLR
H677Q:N698T,-1.3123046875,EnsembleMLLR
H677R:D694G,-0.38671875,EnsembleMLLR
H677R:D694V,-1.6384765625,EnsembleMLLR
H677R:G704V,-7.889373779296875,EnsembleMLLR
H677R:G708C,-3.9992431640625,EnsembleMLLR
H677R:G708D,-10.969403076171876,EnsembleMLLR
H677R:G708S,-3.1099853515625,EnsembleMLLR
H677R:G708V,-1.508984375,EnsembleMLLR
H677R:G709C,-3.59090576171875,EnsembleMLLR
H677R:G709D,-10.4905029296875,EnsembleMLLR
H677R:G709R,-12.730816650390624,EnsembleMLLR
H677R:G709S,-3.08896484375,EnsembleMLLR
H677R:H684L,0.740234375,EnsembleMLLR
H677R:H684N,0.41093749999999996,EnsembleMLLR
H677R:H684Q,0.61953125,EnsembleMLLR
H677R:H684R,0.369921875,EnsembleMLLR
H677R:H684Y,-1.097265625,EnsembleMLLR
H677R:H685L,0.284375,EnsembleMLLR
H677R:H685N,0.726953125,EnsembleMLLR
H677R:H685P,0.559375,EnsembleMLLR
H677R:I712M,-0.736328125,EnsembleMLLR
H677R:I712L,1.955078125,EnsembleMLLR
H677R:I712K,-11.745703125,EnsembleMLLR
H677R:I703V,-1.2691162109374998,EnsembleMLLR
H677R:I703T,-5.3955078125,EnsembleMLLR
H677R:I703N,-9.46201171875,EnsembleMLLR
H677R:G704R,-11.097865295410157,EnsembleMLLR
H677R:I703F,-4.30380859375,EnsembleMLLR
H677R:I702T,-3.85654296875,EnsembleMLLR
H677R:I702N,-7.848632812500001,EnsembleMLLR
H677R:I702F,-3.48359375,EnsembleMLLR
H677R:H685Y,-1.38984375,EnsembleMLLR
H677R:H685R,0.307421875,EnsembleMLLR
H677R:H685Q,0.623046875,EnsembleMLLR
H677R:I702V,-0.5173828125,EnsembleMLLR
H677R:D694N,-0.9273437500000001,EnsembleMLLR
H677R:G704E,-11.650766372680664,EnsembleMLLR
H677R:G700S,-1.6833740234374999,EnsembleMLLR
H677R:D694Y,-2.5541015625,EnsembleMLLR
H677R:E682A,0.03593750000000001,EnsembleMLLR
H677R:E682D,0.366796875,EnsembleMLLR
H677R:E682G,0.60390625,EnsembleMLLR
H677R:E682K,-0.27031250000000007,EnsembleMLLR
H677R:E682V,-0.14609375,EnsembleMLLR
H677R:E693D,0.3462890625,EnsembleMLLR
H677R:E693G,-0.4091796875,EnsembleMLLR
H677R:E693K,-1.0746093749999999,EnsembleMLLR
H677R:E693V,-2.00546875,EnsembleMLLR
H677R:F690I,1.073046875,EnsembleMLLR
H677R:F690L,1.9546875,EnsembleMLLR
H677R:F690S,2.74765625,EnsembleMLLR
H677R:F690V,2.26171875,EnsembleMLLR
H677R:F690Y,0.7593749999999999,EnsembleMLLR
H677R:F691C,-2.87734375,EnsembleMLLR
H677R:F691I,1.23046875,EnsembleMLLR
H677R:G700D,-4.26298828125,EnsembleMLLR
H677R:G700C,-9.781884765625,EnsembleMLLR
H677R:G700A,-0.6098632812499999,EnsembleMLLR
H677R:G696V,-1.0906250000000002,EnsembleMLLR
H677R:G696S,0.5958984374999999,EnsembleMLLR
H677R:G696R,-1.5062499999999999,EnsembleMLLR
H677R:G700V,-3.6960693359375,EnsembleMLLR
H677R:G696D,-0.3712890625,EnsembleMLLR
H677R:G680V,0.312109375,EnsembleMLLR
H677R:G680R,-0.45859374999999997,EnsembleMLLR
H677R:G680E,0.1390625,EnsembleMLLR
H677R:F691Y,0.658984375,EnsembleMLLR
H677R:F691S,3.0496093749999997,EnsembleMLLR
H677R:F691L,2.041015625,EnsembleMLLR
H677R:G696C,-6.615234375,EnsembleMLLR
H677C,-5.301171875,EnsembleMLLR
H677Q:N698S,0.4009765625,EnsembleMLLR
H677Q:N698H,-1.9453125,EnsembleMLLR
H677Q:D678V,-0.3203125,EnsembleMLLR
H677Q:D678Y,-2.072265625,EnsembleMLLR
H677Q:D694E,0.11699218750000001,EnsembleMLLR
H677Q:D694G,-0.43437499999999996,EnsembleMLLR
H677Q:D694N,-0.7283203125,EnsembleMLLR
H677Q:D694V,-1.568359375,EnsembleMLLR
H677Q:D694Y,-2.1994140625,EnsembleMLLR
H677Q:E682D,0.33359375,EnsembleMLLR
H677Q:E682G,0.25429687500000003,EnsembleMLLR
H677Q:E682K,-0.40585937499999997,EnsembleMLLR
H677Q:E682V,0.07343750000000002,EnsembleMLLR
H677Q:E693D,0.1962890625,EnsembleMLLR
H677Q:E693G,-0.5310546875,EnsembleMLLR
H677Q:E693K,-1.1767578125,EnsembleMLLR
H677Q:E693V,-1.8810546875000003,EnsembleMLLR
H677Q:F690I,1.211328125,EnsembleMLLR
H677Q:F690L,1.627734375,EnsembleMLLR
H677Q:G696C,-6.4251953125000005,EnsembleMLLR
H677Q:G696A,-0.22734374999999998,EnsembleMLLR
H677Q:G680V,0.512890625,EnsembleMLLR
H677Q:G680R,-0.6355468750000001,EnsembleMLLR
H677Q:G680E,0.441015625,EnsembleMLLR
H677Q:F691Y,0.659765625,EnsembleMLLR
H677Q:D678N,-0.1890625,EnsembleMLLR
H677Q:F691V,2.749609375,EnsembleMLLR
H677Q:F691L,1.7359375,EnsembleMLLR
H677Q:F691I,1.332421875,EnsembleMLLR
H677Q:F691C,-3.136328125,EnsembleMLLR
H677Q:F690Y,0.74296875,EnsembleMLLR
H677Q:F690V,2.1328125,EnsembleMLLR
H677Q:F690S,2.948828125,EnsembleMLLR
H677Q:F691S,3.0875,EnsembleMLLR
H677Q:G696D,-0.592578125,EnsembleMLLR
H677Q:D678G,0.421875,EnsembleMLLR
H677Q:A713V,-1.1893310546875,EnsembleMLLR
H677P:K699I,-2.038671875,EnsembleMLLR
H677P:K699N,-1.4699218750000003,EnsembleMLLR
H677P:L688M,0.49824218749999993,EnsembleMLLR
H677P:L705I,-1.01385498046875,EnsembleMLLR
H677P:M706I,2.806640625,EnsembleMLLR
H677P:N698D,-1.6982421874999998,EnsembleMLLR
H677P:N698S,0.7025390624999999,EnsembleMLLR
H677P:Q686L,1.1962890625,EnsembleMLLR
H677P:S697T,0.5751953125,EnsembleMLLR
H677P:V689E,2.0189453125,EnsembleMLLR
H677P:V689M,-0.04375000000000018,EnsembleMLLR
H677P:V695A,2.0234375,EnsembleMLLR
H677P:V695E,2.3708984375,EnsembleMLLR
H677P:V707M,-1.8132812500000002,EnsembleMLLR
H677P:V711D,-11.49951171875,EnsembleMLLR
H677Q,0.288671875,EnsembleMLLR
H677Q:A692E,0.984765625,EnsembleMLLR
H677Q:A713T,-2.517041015625,EnsembleMLLR
H677Q:A713S,-4.3716064453125,EnsembleMLLR
H677Q:A713G,-2.104345703125,EnsembleMLLR
H677Q:A713E,-12.3307373046875,EnsembleMLLR
H677Q:A701V,-1.9038330078124999,EnsembleMLLR
H677Q:A701T,-1.95654296875,EnsembleMLLR
H677Q:D678E,0.26640625,EnsembleMLLR
H677Q:A701S,-2.33427734375,EnsembleMLLR
H677Q:A701G,-2.723095703125,EnsembleMLLR
H677Q:A701E,-6.7203124999999995,EnsembleMLLR
H677Q:A692V,-0.3390625,EnsembleMLLR
H677Q:A692T,-0.06601562500000001,EnsembleMLLR
H677Q:A692S,0.60078125,EnsembleMLLR
H677Q:A692G,0.6585937500000001,EnsembleMLLR
H677Q:A701P,-1.60693359375,EnsembleMLLR
H677Q:N698I,-5.5617309570312505,EnsembleMLLR
H677Q:G696R,-1.8333984375,EnsembleMLLR
H677Q:G696V,-0.97890625,EnsembleMLLR
H677Q:I712L,1.65234375,EnsembleMLLR
H677Q:I712M,-1.2369140625000001,EnsembleMLLR
H677Q:I712T,-2.7945312500000004,EnsembleMLLR
H677Q:I712V,0.841796875,EnsembleMLLR
H677Q:K687E,1.115625,EnsembleMLLR
H677Q:K687I,-1.5921874999999999,EnsembleMLLR
H677Q:K687N,0.291015625,EnsembleMLLR
H677Q:K687Q,0.31484375,EnsembleMLLR
H677Q:K687R,0.087890625,EnsembleMLLR
H677Q:K687T,0.012500000000000011,EnsembleMLLR
H677Q:K699E,-3.6716796874999997,EnsembleMLLR
H677Q:K699I,-2.6808593750000003,EnsembleMLLR
H677Q:K699N,-2.8488281250000003,EnsembleMLLR
H677Q:K699Q,-1.3714843749999999,EnsembleMLLR
H677Q:K699R,0.4640625,EnsembleMLLR
H677Q:K699T,-0.07968750000000002,EnsembleMLLR
H677Q:L688F,-1.0953125,EnsembleMLLR
H677Q:N698D,-3.0656250000000003,EnsembleMLLR
H677Q:M706V,1.76015625,EnsembleMLLR
H677Q:M706T,-1.975390625,EnsembleMLLR
H677Q:M706L,4.1149047851562495,EnsembleMLLR
H677Q:M706K,-8.237890625,EnsembleMLLR
H677Q:M706I,1.5251953125,EnsembleMLLR
H677Q:I712K,-11.269921875,EnsembleMLLR
H677Q:L705V,-2.420654296875,EnsembleMLLR
H677Q:L705P,-9.796026611328125,EnsembleMLLR
H677Q:L705I,-1.2670654296875,EnsembleMLLR
H677Q:L705H,-12.080853271484374,EnsembleMLLR
H677Q:L705F,-3.9058593750000004,EnsembleMLLR
H677Q:L688S,1.858203125,EnsembleMLLR
H677Q:L688M,-0.505078125,EnsembleMLLR
H677Q:L705R,-10.794476318359376,EnsembleMLLR
H677Q:G696S,1.021875,EnsembleMLLR
H677Q:I703V,-1.19503173828125,EnsembleMLLR
H677Q:I703N,-11.9266357421875,EnsembleMLLR
H677Q:G700C,-10.1125244140625,EnsembleMLLR
H677Q:G700D,-4.76103515625,EnsembleMLLR
H677Q:G700S,-1.6701904296874999,EnsembleMLLR
H677Q:G704E,-11.570500183105468,EnsembleMLLR
H677Q:G704R,-12.16650276184082,EnsembleMLLR
H677Q:G704V,-6.879622650146484,EnsembleMLLR
H677Q:G708C,-3.5343017578125,EnsembleMLLR
H677Q:G708D,-11.407421874999999,EnsembleMLLR
H677Q:G708R,-10.0478515625,EnsembleMLLR
H677Q:G708S,-3.2626953125,EnsembleMLLR
H677Q:G708V,-1.43359375,EnsembleMLLR
H677Q:G709A,-1.2476806640625,EnsembleMLLR
H677Q:G709C,-4.00621337890625,EnsembleMLLR
H677Q:G709D,-11.000390625,EnsembleMLLR
H677Q:G709S,-2.300048828125,EnsembleMLLR
H677Q:H684L,0.18515625,EnsembleMLLR
H677Q:H684N,0.216796875,EnsembleMLLR
H677Q:I703F,-4.8931884765625,EnsembleMLLR
H677Q:I702V,-0.19482421875,EnsembleMLLR
H677Q:I702T,-3.478125,EnsembleMLLR
H677Q:I702N,-7.27080078125,EnsembleMLLR
H677Q:I702F,-2.9955078125,EnsembleMLLR
H677Q:H685Y,-1.136328125,EnsembleMLLR
H677Q:I703T,-4.6552978515625,EnsembleMLLR
H677Q:H685R,0.34921875,EnsembleMLLR
H677Q:H685P,0.5863281250000001,EnsembleMLLR
H677Q:H685N,0.633203125,EnsembleMLLR
H677Q:H685L,-0.317578125,EnsembleMLLR
H677Q:H684Y,-0.97265625,EnsembleMLLR
H677Q:H684R,0.506640625,EnsembleMLLR
H677Q:H684Q,0.491015625,EnsembleMLLR
H677Q:H685Q,0.19023437499999998,EnsembleMLLR
H677N:V710D,-13.76669921875,EnsembleMLLR
H677N:H685Q,-0.04531250000000003,EnsembleMLLR
D678A:E693G,-0.9730468750000001,EnsembleMLLR
D678E:G700D,-4.610791015625,EnsembleMLLR
D678E:G704E,-12.47451400756836,EnsembleMLLR
D678E:G708C,-3.6109375000000004,EnsembleMLLR
D678E:G708D,-11.6182861328125,EnsembleMLLR
D678E:G709A,-1.123291015625,EnsembleMLLR
D678E:G709C,-3.928857421875,EnsembleMLLR
D678E:G709D,-11.383251953124999,EnsembleMLLR
D678E:G709S,-2.60830078125,EnsembleMLLR
D678E:H684L,0.052734375,EnsembleMLLR
D678E:H684Q,0.580859375,EnsembleMLLR
D678E:G700C,-10.299536132812499,EnsembleMLLR
D678E:H684R,0.21484375,EnsembleMLLR
D678E:H685Q,0.5265625,EnsembleMLLR
D678E:H685R,0.22304687499999998,EnsembleMLLR
D678E:I702F,-3.401953125,EnsembleMLLR
D678E:I702T,-3.761767578125,EnsembleMLLR
D678E:I702V,-0.75576171875,EnsembleMLLR
D678E:I703T,-5.2585205078125,EnsembleMLLR
D678E:I712K,-11.4458984375,EnsembleMLLR
D678E:I712L,1.5162109375,EnsembleMLLR
D678E:I712T,-2.9603515625,EnsembleMLLR
D678E:I712V,0.7355468749999999,EnsembleMLLR
D678E:H685L,-0.428515625,EnsembleMLLR
D678E:G696D,-0.9814453124999999,EnsembleMLLR
D678E:G696C,-6.187109375,EnsembleMLLR
D678E:F691Y,0.5265625,EnsembleMLLR
D678E:A701T,-1.9033203125,EnsembleMLLR
D678E:A701V,-1.6697998046875,EnsembleMLLR
D678E:A713T,-2.34853515625,EnsembleMLLR
D678E:A713V,-0.25390625,EnsembleMLLR
D678E:D694E,0.099609375,EnsembleMLLR
D678E:D694G,-0.5390625,EnsembleMLLR
D678E:D694N,-0.9556640625,EnsembleMLLR
D678E:E682D,0.1265625,EnsembleMLLR
D678E:E682G,0.16953125,EnsembleMLLR
D678E:E682K,-0.5394531250000001,EnsembleMLLR
D678E:E682V,-0.15898437499999998,EnsembleMLLR
D678E:E693D,-0.035742187499999994,EnsembleMLLR
D678E:E693G,-0.4150390625,EnsembleMLLR
D678E:E693K,-1.0341796875,EnsembleMLLR
D678E:E693V,-1.8431640624999999,EnsembleMLLR
D678E:F690I,0.868359375,EnsembleMLLR
D678E:F690L,1.5246093749999998,EnsembleMLLR
D678E:F690S,3.0546875,EnsembleMLLR
D678E:F690V,2.040234375,EnsembleMLLR
D678E:F690Y,0.490234375,EnsembleMLLR
D678E:F691I,1.451171875,EnsembleMLLR
D678E:F691L,1.62890625,EnsembleMLLR
D678E:F691S,3.2015625,EnsembleMLLR
D678E:K687E,0.723046875,EnsembleMLLR
D678E:A692V,-0.669921875,EnsembleMLLR
D678E:K687I,-1.2265625,EnsembleMLLR
D678E:K687R,0.09160156250000001,EnsembleMLLR
D678E:V695E,1.500390625,EnsembleMLLR
D678E:V695M,-0.925,EnsembleMLLR
D678E:V707A,-2.024267578125,EnsembleMLLR
D678E:V707E,-11.647167968749999,EnsembleMLLR
D678E:V710A,0.021777343750000004,EnsembleMLLR
D678E:V710D,-12.723828124999999,EnsembleMLLR
D678E:V711A,0.4021484375,EnsembleMLLR
D678E:V711D,-13.068164062500001,EnsembleMLLR
D678E:V711I,-0.8802734375,EnsembleMLLR
D678E:Y681F,0.16171875,EnsembleMLLR
D678E:V695A,0.97109375,EnsembleMLLR
D678E:Y681N,1.41640625,EnsembleMLLR
D678G,0.134375,EnsembleMLLR
D678G:A692T,0.010546874999999997,EnsembleMLLR
D678G:A701S,-2.651513671875,EnsembleMLLR
D678G:A701T,-1.639208984375,EnsembleMLLR
D678G:A701V,-1.3583496093749998,EnsembleMLLR
D678G:A713S,-3.878369140625,EnsembleMLLR
D678G:A713T,-2.3359863281249997,EnsembleMLLR
D678G:A713V,-1.2223144531249999,EnsembleMLLR
D678G:D694E,0.1982421875,EnsembleMLLR
D678G:D694G,-0.42714843750000003,EnsembleMLLR
D678F,-1.959765625,EnsembleMLLR
D678E:V689M,-1.1921875,EnsembleMLLR
D678E:V689E,0.530859375,EnsembleMLLR
D678E:V689A,1.3888671875,EnsembleMLLR
D678E:K699E,-4.74296875,EnsembleMLLR
D678E:K699I,-2.872265625,EnsembleMLLR
D678E:K699N,-2.7705078125,EnsembleMLLR
D678E:K699R,0.66171875,EnsembleMLLR
D678E:L688F,-1.183984375,EnsembleMLLR
D678E:L688M,-0.51328125,EnsembleMLLR
D678E:L688S,1.6859375,EnsembleMLLR
D678E:L705H,-12.113623046875,EnsembleMLLR
D678E:M706K,-8.73828125,EnsembleMLLR
D678E:M706L,3.4821044921875,EnsembleMLLR
D678E:M706V,1.438671875,EnsembleMLLR
D678E:N698D,-3.324462890625,EnsembleMLLR
D678E:N698I,-3.46875,EnsembleMLLR
D678E:N698Y,-3.2630859375,EnsembleMLLR
D678E:Q686H,-0.048046875,EnsembleMLLR
D678E:Q686L,-0.763671875,EnsembleMLLR
D678E:Q686R,0.036718749999999994,EnsembleMLLR
D678E:S679P,-0.344140625,EnsembleMLLR
D678E:S697L,-0.36679687499999997,EnsembleMLLR
D678E:S697P,-1.4923828125,EnsembleMLLR
D678E:S697T,0.04316406249999999,EnsembleMLLR
D678E:V683D,0.53828125,EnsembleMLLR
D678E:V683I,-0.6800781250000001,EnsembleMLLR
D678E:K687N,0.11289062500000001,EnsembleMLLR
D678E:A692T,-0.048437499999999994,EnsembleMLLR
D678E,0.052734375,EnsembleMLLR
D678C,-5.93359375,EnsembleMLLR
D678V:G696D,-1.2003906249999998,EnsembleMLLR
D678V:G696C,-7.8814453125,EnsembleMLLR
D678V:G680V,-0.6867187499999999,EnsembleMLLR
D678V:G680R,-0.6921875,EnsembleMLLR
D678V:F691Y,-0.4453125,EnsembleMLLR
D678V:F691S,3.0812500000000003,EnsembleMLLR
D678V:F691L,0.99921875,EnsembleMLLR
D678V:F691I,0.6734375,EnsembleMLLR
D678V:F690Y,0.21953124999999996,EnsembleMLLR
D678V:F690S,2.5007812499999997,EnsembleMLLR
D678V:G696S,0.20703125000000006,EnsembleMLLR
D678V:F690L,0.51328125,EnsembleMLLR
D678V:E693V,-2.4240234375000003,EnsembleMLLR
D678V:E693G,-1.1748046875,EnsembleMLLR
D678V:E693D,-0.8373046875000001,EnsembleMLLR
D678V:E682V,-0.44804687499999996,EnsembleMLLR
D678V:E682K,-0.9144531250000001,EnsembleMLLR
D678V:E682G,-0.5109375,EnsembleMLLR
D678V:E682D,-0.165234375,EnsembleMLLR
D678V:D694V,-2.0439453125,EnsembleMLLR
D678V:D694N,-1.9,EnsembleMLLR
D678V:D694G,-0.7140624999999999,EnsembleMLLR
D678V:F690I,0.51640625,EnsembleMLLR
D678V:G696V,-1.362890625,EnsembleMLLR
D678V:G700C,-10.0516845703125,EnsembleMLLR
D678V:G700D,-4.988818359375,EnsembleMLLR
D678V:I703F,-5.608642578125,EnsembleMLLR
D678V:I702V,-1.1188476562499998,EnsembleMLLR
D678V:I702T,-3.85986328125,EnsembleMLLR
D678V:I702N,-9.256054687499999,EnsembleMLLR
D678V:I702F,-4.17314453125,EnsembleMLLR
D678V:H685Y,-2.237890625,EnsembleMLLR
D678V:H685R,-0.5667968750000001,EnsembleMLLR
D678V:H685Q,-0.04335937500000003,EnsembleMLLR
D678V:H685L,-0.44765625,EnsembleMLLR
D678V:H684Y,-1.3863281250000001,EnsembleMLLR
D678V:H684R,-0.11132812499999997,EnsembleMLLR
D678V:H684Q,-0.24179687499999997,EnsembleMLLR
D678V:H684N,-0.371484375,EnsembleMLLR
D678V:H684L,-0.28125,EnsembleMLLR
D678V:G709S,-2.82275390625,EnsembleMLLR
D678V:G709D,-12.27197265625,EnsembleMLLR
D678V:G709C,-4.581640625,EnsembleMLLR
D678V:G708S,-4.526123046875,EnsembleMLLR
D678V:G708D,-12.02197265625,EnsembleMLLR
D678V:G708C,-4.82623291015625,EnsembleMLLR
D678V:G704R,-12.136077117919921,EnsembleMLLR
D678V:G704E,-12.654721069335938,EnsembleMLLR
D678V:G700S,-2.395068359375,EnsembleMLLR
D678V:D694E,-0.46699218750000004,EnsembleMLLR
D678V:A713V,-2.376513671875,EnsembleMLLR
D678V:A713T,-3.52685546875,EnsembleMLLR
D678V:A713S,-4.7000732421875,EnsembleMLLR
D678A:H684L,-0.06601562500000001,EnsembleMLLR
D678A:H684Q,-0.12539062499999998,EnsembleMLLR
D678A:H685L,-0.615625,EnsembleMLLR
D678A:H685Q,0.44921875,EnsembleMLLR
D678A:I703F,-5.3804687499999995,EnsembleMLLR
D678A:I703T,-4.47987060546875,EnsembleMLLR
D678A:I712L,1.465185546875,EnsembleMLLR
D678A:K699E,-5.2525390624999995,EnsembleMLLR
D678A:K699R,0.7622314453124999,EnsembleMLLR
D678A:L688M,-1.004296875,EnsembleMLLR
D678A:M706K,-8.617578125,EnsembleMLLR
D678A:N698D,-3.590576171875,EnsembleMLLR
D678A:Q686H,-0.5796875,EnsembleMLLR
D678A:Q686R,-0.25703125,EnsembleMLLR
D678A:S697T,-0.5779296875000001,EnsembleMLLR
D678A:V683A,-0.04023437499999999,EnsembleMLLR
D678A:V689E,0.16015625,EnsembleMLLR
D678A:V695E,1.2958984375,EnsembleMLLR
D678A:V695M,-1.4640624999999998,EnsembleMLLR
D678A:V707A,-2.1533203125,EnsembleMLLR
D678A:V707M,-3.1195312499999996,EnsembleMLLR
D678A:V711D,-13.08984375,EnsembleMLLR
D678A:V711I,-1.4845703125,EnsembleMLLR
D678A:G709C,-4.3205078125,EnsembleMLLR
D678G:D694V,-1.5085937500000002,EnsembleMLLR
D678A:G708C,-5.236474609375,EnsembleMLLR
D678A:F691L,1.460546875,EnsembleMLLR
D678V:A713E,-12.708471679687499,EnsembleMLLR
D678V:A701V,-2.152099609375,EnsembleMLLR
D678V:A701T,-2.586669921875,EnsembleMLLR
D678V:A701S,-3.31474609375,EnsembleMLLR
D678V:A701E,-7.84755859375,EnsembleMLLR
D678V:A692V,-1.000390625,EnsembleMLLR
D678V:A692T,-0.269921875,EnsembleMLLR
D678V:A692G,0.24609375,EnsembleMLLR
D678V:A692E,0.08457031250000002,EnsembleMLLR
D678V,-0.65625,EnsembleMLLR
D678S,0.025,EnsembleMLLR
D678N:Y681H,1.008203125,EnsembleMLLR
D678N:Y681F,-0.205078125,EnsembleMLLR
D678N:V711D,-12.98671875,EnsembleMLLR
D678N:V710I,-1.2005859375,EnsembleMLLR
D678N:V710D,-12.86357421875,EnsembleMLLR
D678N:V707A,-2.41630859375,EnsembleMLLR
D678N:V710A,-0.84130859375,EnsembleMLLR
D678A,-0.2359375,EnsembleMLLR
D678A:A692V,-1.271484375,EnsembleMLLR
D678A:E693D,-0.19687500000000002,EnsembleMLLR
D678N:V707M,-3.9276367187499996,EnsembleMLLR
D678A:F690I,0.54296875,EnsembleMLLR
D678A:G696R,-2.3976562500000003,EnsembleMLLR
D678V:I703N,-12.4924560546875,EnsembleMLLR
D678G:E682D,0.36796874999999996,EnsembleMLLR
D678G:E682K,-0.41953124999999997,EnsembleMLLR
D678N:F691I,0.744921875,EnsembleMLLR
D678N:F691L,1.1421875,EnsembleMLLR
D678N:F691S,2.688671875,EnsembleMLLR
D678N:F691Y,-0.095703125,EnsembleMLLR
D678N:G696C,-7.18203125,EnsembleMLLR
D678N:G696D,-1.3435546875,EnsembleMLLR
D678N:G696R,-1.6640625,EnsembleMLLR
D678N:G700C,-10.02802734375,EnsembleMLLR
D678N:G708C,-4.10341796875,EnsembleMLLR
D678N:G708D,-12.3067626953125,EnsembleMLLR
D678N:F690Y,0.30937499999999996,EnsembleMLLR
D678N:G708S,-3.8146484375,EnsembleMLLR
D678N:G709C,-4.5266357421875,EnsembleMLLR
D678N:G709D,-11.851220703125,EnsembleMLLR
D678N:G709S,-3.037506103515625,EnsembleMLLR
D678N:H684L,-0.1640625,EnsembleMLLR
D678N:H684N,-0.03515625,EnsembleMLLR
D678N:H684P,-0.19609375,EnsembleMLLR
D678N:H684Q,-0.08632812500000003,EnsembleMLLR
D678N:H684R,-0.2369140625,EnsembleMLLR
D678N:H684Y,-1.68125,EnsembleMLLR
D678N:H685L,-0.81484375,EnsembleMLLR
D678N:G708V,-2.74853515625,EnsembleMLLR
D678N:F690V,1.7328125,EnsembleMLLR
D678N:F690L,1.0203125,EnsembleMLLR
D678N:F690I,0.5785156250000001,EnsembleMLLR
D678G:Y681N,1.021484375,EnsembleMLLR
D678H,-0.36328125,EnsembleMLLR
D678H:A692E,0.25761718750000007,EnsembleMLLR
D678H:G709C,-3.2329467773437504,EnsembleMLLR
D678H:K687E,0.14765625000000004,EnsembleMLLR
D678H:S697P,-1.9052734375,EnsembleMLLR
D678H:V683I,-1.178515625,EnsembleMLLR
D678H:V695E,0.875390625,EnsembleMLLR
D678I,-1.0765625,EnsembleMLLR
D678N,-0.399609375,EnsembleMLLR
D678N:A701T,-2.469580078125,EnsembleMLLR
D678N:A701V,-2.275830078125,EnsembleMLLR
D678N:A713S,-4.6363769531250005,EnsembleMLLR
D678N:A713V,-1.74736328125,EnsembleMLLR
D678N:D694E,-0.50078125,EnsembleMLLR
D678N:D694G,-1.0546875,EnsembleMLLR
D678N:D694V,-2.509765625,EnsembleMLLR
D678N:E682D,-0.5765625,EnsembleMLLR
D678N:E682G,-0.4421875,EnsembleMLLR
D678N:E682V,-0.810546875,EnsembleMLLR
D678N:E693D,-0.4318359375,EnsembleMLLR
D678N:E693G,-1.225390625,EnsembleMLLR
D678N:E693V,-2.21640625,EnsembleMLLR
D678N:H685Q,-0.011328124999999967,EnsembleMLLR
D678G:Y681H,1.26953125,EnsembleMLLR
D678N:H685Y,-2.084375,EnsembleMLLR
D678N:I702N,-9.1427734375,EnsembleMLLR
D678N:M706L,3.246044921875,EnsembleMLLR
D678N:M706T,-2.53125,EnsembleMLLR
D678N:M706V,1.0673828125,EnsembleMLLR
D678N:N698D,-3.5297363281250003,EnsembleMLLR
D678N:N698I,-4.86611328125,EnsembleMLLR
D678N:N698S,-0.72998046875,EnsembleMLLR
D678N:N698Y,-4.16328125,EnsembleMLLR
D678N:Q686H,-0.612109375,EnsembleMLLR
D678N:Q686L,-1.156640625,EnsembleMLLR
D678N:Q686R,-0.480078125,EnsembleMLLR
D678N:M706K,-8.350390625,EnsembleMLLR
D678N:S679T,-0.589453125,EnsembleMLLR
D678N:S697P,-1.9650390625,EnsembleMLLR
D678N:S697T,-1.159765625,EnsembleMLLR
D678N:V683A,-0.2640625,EnsembleMLLR
D678N:V683D,-0.0011718750000000444,EnsembleMLLR
D678N:V689A,1.1048828125,EnsembleMLLR
D678N:V689E,0.09179687499999994,EnsembleMLLR
D678N:V689M,-1.62578125,EnsembleMLLR
D678N:V695A,0.23515625000000007,EnsembleMLLR
D678N:V695E,0.637890625,EnsembleMLLR
D678N:V695M,-1.667578125,EnsembleMLLR
D678N:S697L,-1.2644531250000002,EnsembleMLLR
D678N:M706I,0.9005859375,EnsembleMLLR
D678N:L705P,-10.153851318359374,EnsembleMLLR
D678N:L705I,-3.4142211914062504,EnsembleMLLR
D678N:I702T,-4.21376953125,EnsembleMLLR
D678N:I702V,-0.93359375,EnsembleMLLR
D678N:I703F,-5.155322265625,EnsembleMLLR
D678N:I703N,-12.9508056640625,EnsembleMLLR
D678N:I703T,-5.5642578125,EnsembleMLLR
D678N:I703V,-1.75283203125,EnsembleMLLR
D678N:I712K,-11.9365234375,EnsembleMLLR
D678N:I712L,0.8181640625,EnsembleMLLR
D678N:I712M,-1.7087890625000002,EnsembleMLLR
D678N:I712T,-3.4779296875,EnsembleMLLR
D678N:I712V,0.48359374999999993,EnsembleMLLR
D678N:K687E,0.30234374999999997,EnsembleMLLR
D678N:K687N,-0.183984375,EnsembleMLLR
D678N:K687R,-0.37265625,EnsembleMLLR
D678N:K699E,-4.342578125,EnsembleMLLR
D678N:K699I,-3.1810546875,EnsembleMLLR
D678N:K699N,-3.500390625,EnsembleMLLR
D678N:K699R,0.44765625,EnsembleMLLR
D678N:L688F,-1.765625,EnsembleMLLR
D678N:L688M,-1.211328125,EnsembleMLLR
D678N:L688S,1.404296875,EnsembleMLLR
D678N:L705F,-4.92655029296875,EnsembleMLLR
D678N:L705H,-13.07977294921875,EnsembleMLLR
D678N:I702F,-3.637890625,EnsembleMLLR
D678G:Y681F,0.39375,EnsembleMLLR
D678G:Y681C,-3.900390625,EnsembleMLLR
D678G:V711I,-0.3798828125,EnsembleMLLR
D678G:G709C,-4.0487060546875,EnsembleMLLR
D678G:G709D,-10.93829345703125,EnsembleMLLR
D678G:G709S,-2.56611328125,EnsembleMLLR
D678G:H684L,0.5,EnsembleMLLR
D678G:H684Q,0.38320312500000003,EnsembleMLLR
D678G:H684R,0.181640625,EnsembleMLLR
D678G:H684Y,-1.066796875,EnsembleMLLR
D678G:H685L,-0.05097656249999999,EnsembleMLLR
D678G:H685N,0.58203125,EnsembleMLLR
D678G:H685Q,0.39960937500000004,EnsembleMLLR
D678G:G708V,-1.55009765625,EnsembleMLLR
D678G:H685R,0.150390625,EnsembleMLLR
D678G:I702F,-3.4609375,EnsembleMLLR
D678G:I702N,-8.72666015625,EnsembleMLLR
D678G:I702T,-3.568359375,EnsembleMLLR
D678G:I702V,-0.08154296875,EnsembleMLLR
D678G:I703F,-4.98505859375,EnsembleMLLR
D678G:I703T,-5.01416015625,EnsembleMLLR
D678G:I703V,-1.201953125,EnsembleMLLR
D678G:I712K,-10.8322265625,EnsembleMLLR
D678G:I712L,1.5037109375,EnsembleMLLR
D678G:I712M,-0.9624999999999999,EnsembleMLLR
D678G:H685Y,-1.5208984375,EnsembleMLLR
D678G:G708S,-3.765875244140625,EnsembleMLLR
D678G:G708D,-11.483807373046874,EnsembleMLLR
D678G:G708C,-2.867578125,EnsembleMLLR
D678G:E682V,-0.43203125,EnsembleMLLR
D678G:E693D,0.112890625,EnsembleMLLR
D678G:E693G,-0.25175781249999996,EnsembleMLLR
D678G:E693Q,-1.1533203125,EnsembleMLLR
D678G:E693V,-1.2865234375,EnsembleMLLR
D678G:F690I,0.9730468750000001,EnsembleMLLR
D678G:F690L,1.4421875000000002,EnsembleMLLR
D678G:F690S,3.380859375,EnsembleMLLR
D678G:F690V,2.1453125,EnsembleMLLR
D678G:F690Y,0.9246093750000001,EnsembleMLLR
D678G:F691I,1.46796875,EnsembleMLLR
D678G:F691L,1.7292968750000002,EnsembleMLLR
D678G:F691S,3.0656250000000003,EnsembleMLLR
D678G:F691V,2.5515624999999997,EnsembleMLLR
D678G:F691Y,0.6148437499999999,EnsembleMLLR
D678G:G680E,0.2869140625,EnsembleMLLR
D678G:G680R,-0.44355468750000004,EnsembleMLLR
D678G:G696C,-6.79296875,EnsembleMLLR
D678G:G696D,-0.179296875,EnsembleMLLR
D678G:G700C,-9.018017578124999,EnsembleMLLR
D678G:G700D,-4.969921875,EnsembleMLLR
D678G:G704E,-11.77901611328125,EnsembleMLLR
D678G:G704R,-12.091391372680663,EnsembleMLLR
D678G:I712T,-2.912890625,EnsembleMLLR
D678G:I712V,1.2671875,EnsembleMLLR
D678G:K687E,0.7232421875,EnsembleMLLR
D678G:K687I,-1.678125,EnsembleMLLR
D678G:S679P,-0.357421875,EnsembleMLLR
D678G:S679T,0.028906249999999994,EnsembleMLLR
D678G:S697L,0.21953125,EnsembleMLLR
D678G:S697P,-1.587109375,EnsembleMLLR
D678G:S697T,-0.5164062500000001,EnsembleMLLR
D678G:V683A,0.2953125,EnsembleMLLR
D678G:V683D,0.755859375,EnsembleMLLR
D678G:V689A,1.9451171875000002,EnsembleMLLR
D678G:V689E,0.8464843750000001,EnsembleMLLR
D678G:V689G,1.7212890625,EnsembleMLLR
D678G:V689M,-1.037109375,EnsembleMLLR
D678G:V695A,1.3248046875,EnsembleMLLR
D678G:V695E,1.466015625,EnsembleMLLR
D678G:V695G,1.475390625,EnsembleMLLR
D678G:V695M,-0.9617187500000001,EnsembleMLLR
D678G:V707A,-1.41484375,EnsembleMLLR
D678G:V707E,-11.43125,EnsembleMLLR
D678G:V707M,-2.86865234375,EnsembleMLLR
D678G:V710A,-0.35986328125,EnsembleMLLR
D678G:V710D,-12.9736328125,EnsembleMLLR
D678G:V710I,-0.8472656249999999,EnsembleMLLR
D678G:V711A,0.989208984375,EnsembleMLLR
D678G:V711D,-12.979296875,EnsembleMLLR
D678G:S679L,-0.296875,EnsembleMLLR
D678G:E682G,0.115625,EnsembleMLLR
D678G:Q686R,0.31484375,EnsembleMLLR
D678G:Q686K,0.281640625,EnsembleMLLR
D678G:K687N,0.0517578125,EnsembleMLLR
D678G:K687R,0.095703125,EnsembleMLLR
D678G:K687T,0.44296874999999997,EnsembleMLLR
D678G:K699E,-5.3380859375,EnsembleMLLR
D678G:K699I,-4.0146484375,EnsembleMLLR
D678G:K699N,-2.6748046875,EnsembleMLLR
D678G:K699R,1.094775390625,EnsembleMLLR
D678G:L688F,-1.32109375,EnsembleMLLR
D678G:L688M,-0.499609375,EnsembleMLLR
D678G:L688S,1.8499999999999999,EnsembleMLLR
D678G:L688V,0.955859375,EnsembleMLLR
D678G:L705F,-4.8776489257812505,EnsembleMLLR
D678G:L705H,-12.440960693359376,EnsembleMLLR
D678G:L705P,-9.1460205078125,EnsembleMLLR
D678G:M706I,1.7648437499999998,EnsembleMLLR
D678G:M706K,-7.99375,EnsembleMLLR
D678G:M706L,3.78753662109375,EnsembleMLLR
D678G:M706V,1.4712890625,EnsembleMLLR
D678G:N698D,-3.6654296875,EnsembleMLLR
D678G:N698I,-3.94267578125,EnsembleMLLR
D678G:N698S,-0.34052734375,EnsembleMLLR
D678G:N698Y,-3.0015625,EnsembleMLLR
D678G:Q686H,-0.1234375,EnsembleMLLR
D678G:Q686L,-0.858984375,EnsembleMLLR
D678V:I703T,-5.9201416015625,EnsembleMLLR
D678N:V707E,-11.7443359375,EnsembleMLLR
D678V:I712K,-12.079296875,EnsembleMLLR
D678Y:M706L,1.3354736328125,EnsembleMLLR
D678Y:M706K,-9.7515625,EnsembleMLLR
D678Y:L705H,-14.85555419921875,EnsembleMLLR
D678Y:L688S,-0.5207031249999998,EnsembleMLLR
D678Y:L688M,-2.815234375,EnsembleMLLR
D678Y:L688F,-3.45625,EnsembleMLLR
D678Y:K699R,-1.063623046875,EnsembleMLLR
D678Y:K699I,-4.6931640625,EnsembleMLLR
D678Y:K699E,-6.466796875,EnsembleMLLR
D678Y:K687N,-1.26640625,EnsembleMLLR
D678Y:K687I,-3.57421875,EnsembleMLLR
D678Y:K687E,-0.8937499999999999,EnsembleMLLR
D678Y:I712V,-0.5851562499999998,EnsembleMLLR
D678Y:I712T,-4.76015625,EnsembleMLLR
D678Y:I712L,-0.3294433593749999,EnsembleMLLR
D678Y:M706T,-3.71875,EnsembleMLLR
D678Y:I712K,-13.117578125,EnsembleMLLR
D678Y:M706V,-0.31562500000000004,EnsembleMLLR
D678Y:N698I,-7.672900390625,EnsembleMLLR
D678Y:V707A,-3.712060546875,EnsembleMLLR
D678Y:V695M,-3.434375,EnsembleMLLR
D678Y:V695E,-0.3947265624999998,EnsembleMLLR
D678Y:V695A,-1.2339843750000001,EnsembleMLLR
D678Y:V689M,-3.5140624999999996,EnsembleMLLR
D678Y:V689E,-0.932421875,EnsembleMLLR
D678Y:V683D,-1.542578125,EnsembleMLLR
D678Y:V683A,-1.86171875,EnsembleMLLR
D678Y:S697T,-2.321875,EnsembleMLLR
D678Y:S697P,-3.4458984375000004,EnsembleMLLR
D678Y:S679P,-2.2640625,EnsembleMLLR
D678Y:Q686R,-1.9796875,EnsembleMLLR
D678Y:Q686L,-2.8636718749999996,EnsembleMLLR
D678Y:Q686H,-1.8832031249999999,EnsembleMLLR
D678Y:N698Y,-5.858203124999999,EnsembleMLLR
D678Y:N698D,-5.767822265625,EnsembleMLLR
D678Y:V707E,-12.87431640625,EnsembleMLLR
D678Y:I703V,-3.6288818359375,EnsembleMLLR
D678Y:I703F,-7.7648193359375,EnsembleMLLR
D678Y:F691L,-0.5570312500000001,EnsembleMLLR
D678Y:F691I,-0.08085937499999996,EnsembleMLLR
D678Y:F690Y,-1.601953125,EnsembleMLLR
D678Y:F690L,-0.39296874999999987,EnsembleMLLR
D678Y:F690I,-1.181640625,EnsembleMLLR
D678Y:E693D,-1.9333984375,EnsembleMLLR
D678Y:E682V,-2.280078125,EnsembleMLLR
D678Y:E682D,-1.921484375,EnsembleMLLR
D678Y:D694Y,-4.78203125,EnsembleMLLR
D678Y:D694E,-2.4337890625,EnsembleMLLR
D678Y:A713V,-3.219091796875,EnsembleMLLR
D678Y:A713T,-5.12548828125,EnsembleMLLR
D678Y:A713S,-5.699633789062499,EnsembleMLLR
D678Y:A701V,-4.3415283203125,EnsembleMLLR
D678V:I703V,-1.470654296875,EnsembleMLLR
D678Y:F691S,1.12109375,EnsembleMLLR
D678Y:I703T,-7.059521484375001,EnsembleMLLR
D678Y:F691V,0.1703125000000001,EnsembleMLLR
D678Y:G696C,-8.492578125,EnsembleMLLR
D678Y:I702V,-2.59248046875,EnsembleMLLR
D678Y:I702T,-5.51982421875,EnsembleMLLR
D678Y:I702F,-5.51728515625,EnsembleMLLR
D678Y:H685R,-1.4976562500000001,EnsembleMLLR
D678Y:H685L,-2.521875,EnsembleMLLR
D678Y:H684R,-1.971875,EnsembleMLLR
D678Y:H684Q,-1.5929687499999998,EnsembleMLLR
D678Y:H684L,-1.7828125,EnsembleMLLR
D678Y:G709S,-5.04053955078125,EnsembleMLLR
D678Y:G709C,-5.1842529296875,EnsembleMLLR
D678Y:G708S,-4.46689453125,EnsembleMLLR
D678Y:G708D,-13.7595947265625,EnsembleMLLR
D678Y:G708C,-5.667529296875,EnsembleMLLR
D678Y:G700C,-11.7072265625,EnsembleMLLR
D678Y:G696D,-2.877734375,EnsembleMLLR
D678Y:F691Y,-1.14765625,EnsembleMLLR
D678Y:V707M,-4.560791015625,EnsembleMLLR
D678Y:E682G,-2.126171875,EnsembleMLLR
D678Y:V710D,-14.679101562500001,EnsembleMLLR
D678V:L705H,-13.28271484375,EnsembleMLLR
D678V:L705P,-10.42900390625,EnsembleMLLR
D678V:L705R,-12.36495361328125,EnsembleMLLR
D678V:M706I,0.998046875,EnsembleMLLR
D678V:M706K,-8.689453125,EnsembleMLLR
D678V:M706L,3.47672119140625,EnsembleMLLR
D678V:M706T,-2.4894531250000003,EnsembleMLLR
D678V:M706V,0.9736328125,EnsembleMLLR
D678V:N698D,-3.51220703125,EnsembleMLLR
D678V:N698H,-3.1645019531250003,EnsembleMLLR
D678V:N698I,-4.9376953125,EnsembleMLLR
D678V:N698S,-0.9708984374999999,EnsembleMLLR
D678V:N698Y,-5.0040527343750005,EnsembleMLLR
D678V:Q686H,-0.58828125,EnsembleMLLR
D678V:Q686L,-1.6632812499999998,EnsembleMLLR
D678V:L705F,-4.4542236328125,EnsembleMLLR
D678V:Q686R,-0.65546875,EnsembleMLLR
D678V:L688S,1.291015625,EnsembleMLLR
D678V:L688F,-2.055859375,EnsembleMLLR
D678V:I712L,1.0063964843750002,EnsembleMLLR
D678Y:V710A,-1.80263671875,EnsembleMLLR
D678V:I712M,-1.6494140625,EnsembleMLLR
D678V:I712T,-3.462109375,EnsembleMLLR
D678V:I712V,0.20175781250000002,EnsembleMLLR
D678V:K687I,-2.339453125,EnsembleMLLR
D678V:K687N,-0.30546875,EnsembleMLLR
D678V:K687R,-0.721484375,EnsembleMLLR
D678V:K687T,-0.6847656249999999,EnsembleMLLR
D678V:K699E,-4.7166015625,EnsembleMLLR
D678V:K699I,-3.3947265625,EnsembleMLLR
D678V:K699N,-3.2869140625,EnsembleMLLR
D678V:K699Q,-1.86953125,EnsembleMLLR
D678V:K699R,0.06319580078124998,EnsembleMLLR
D678V:K699T,-1.7017578125,EnsembleMLLR
D678V:L688M,-1.0164062500000002,EnsembleMLLR
D678V:S679L,-0.6761718750000001,EnsembleMLLR
D678V:K687E,0.6097656250000001,EnsembleMLLR
D678V:S679T,-0.922265625,EnsembleMLLR
D678V:V710D,-13.426171875,EnsembleMLLR
D678V:V710I,-1.9224609375,EnsembleMLLR
D678V:V711A,-0.12890625,EnsembleMLLR
D678V:V711D,-13.143359375,EnsembleMLLR
D678V:V711I,-1.5025390625,EnsembleMLLR
D678V:Y681C,-5.119140625,EnsembleMLLR
D678V:V710A,-0.72216796875,EnsembleMLLR
D678V:Y681F,-0.478515625,EnsembleMLLR
D678V:Y681N,1.090625,EnsembleMLLR
D678Y,-1.806640625,EnsembleMLLR
D678Y:A692T,-2.176953125,EnsembleMLLR
D678V:S679P,-1.33671875,EnsembleMLLR
D678Y:Y681N,-0.7820312500000002,EnsembleMLLR
D678Y:V711D,-15.087499999999999,EnsembleMLLR
D678V:Y681H,0.92578125,EnsembleMLLR
D678V:V707M,-3.589111328125,EnsembleMLLR
D678Y:A692V,-2.85546875,EnsembleMLLR
D678V:V707E,-12.231738281250001,EnsembleMLLR
D678V:S697L,-1.3876953125,EnsembleMLLR
D678V:S697P,-1.8640625,EnsembleMLLR
D678V:S697T,-1.2310546875,EnsembleMLLR
D678V:V707L,-2.07041015625,EnsembleMLLR
D678V:V683A,-0.009765625,EnsembleMLLR
D678V:V683D,-0.169921875,EnsembleMLLR
D678V:V683I,-1.1785156250000002,EnsembleMLLR
D678V:V683L,-0.785546875,EnsembleMLLR
D678Y:V711A,-2.2046875,EnsembleMLLR
D678V:V689A,0.9259765625,EnsembleMLLR
D678V:V695E,1.073828125,EnsembleMLLR
D678V:V695A,0.382421875,EnsembleMLLR
D678V:V695M,-1.6886718749999998,EnsembleMLLR
D678V:V689M,-1.950390625,EnsembleMLLR
D678V:V689E,-0.03164062499999998,EnsembleMLLR
D678V:V707A,-2.719140625,EnsembleMLLR
D678V:V695L,-0.5119140625,EnsembleMLLR
S679L:V707E,-11.733593749999999,EnsembleMLLR
S679L:V695M,-1.678125,EnsembleMLLR
S679L:V683D,-0.21367187500000007,EnsembleMLLR
S679L:V695G,0.61171875,EnsembleMLLR
S679L:V711A,-0.80546875,EnsembleMLLR
S679L:V695A,0.30351562499999996,EnsembleMLLR
S679L:V711D,-13.67890625,EnsembleMLLR
S679L:V689M,-1.3828125,EnsembleMLLR
S679L:V689E,0.17343749999999997,EnsembleMLLR
S679L:V689A,1.1525390625,EnsembleMLLR
S679L:V683I,-1.27109375,EnsembleMLLR
S679L:V710D,-13.7275390625,EnsembleMLLR
S679L:V695E,0.5158203125,EnsembleMLLR
S679L:S697P,-1.8349609375,EnsembleMLLR
S679L:S697T,-1.08671875,EnsembleMLLR
S679L:L688S,1.345703125,EnsembleMLLR
S679L:Y681C,-4.80703125,EnsembleMLLR
S679L:L705H,-13.38035888671875,EnsembleMLLR
S679L:M706I,0.5316406249999999,EnsembleMLLR
S679L:M706K,-9.219921875,EnsembleMLLR
S679L:M706L,3.2104248046875004,EnsembleMLLR
S679L:M706T,-3.0203125,EnsembleMLLR
S679L:M706V,1.1095703124999998,EnsembleMLLR
S679L:N698D,-3.1900390625000004,EnsembleMLLR
S679L:N698I,-5.6187744140625,EnsembleMLLR
S679L:N698Y,-4.3255859375,EnsembleMLLR
S679L:Q686H,-0.959765625,EnsembleMLLR
S679L:Q686L,-0.55078125,EnsembleMLLR
S679L:Q686R,-0.6617187499999999,EnsembleMLLR
S679L:L688M,-1.20859375,EnsembleMLLR
S679L:V683A,-0.37734375,EnsembleMLLR
S679L:N698S,-1.10244140625,EnsembleMLLR
S679P:E682D,-0.45898437499999994,EnsembleMLLR
S679L:Y681H,0.97578125,EnsembleMLLR
S679P:G696A,-0.7533203125000001,EnsembleMLLR
S679L:K699R,0.08222656250000004,EnsembleMLLR
S679P:G680E,-0.318359375,EnsembleMLLR
S679P:F691Y,-0.007031249999999989,EnsembleMLLR
S679P:F691S,2.5281249999999997,EnsembleMLLR
S679P:F691L,1.244921875,EnsembleMLLR
S679P:F691I,0.4429687499999999,EnsembleMLLR
S679P:F690Y,0.014062499999999978,EnsembleMLLR
S679P:F690V,1.7781250000000002,EnsembleMLLR
S679P:F690S,3.03359375,EnsembleMLLR
S679P:F690L,0.8882812499999999,EnsembleMLLR
S679P:F690I,0.28007812500000007,EnsembleMLLR
S679P:E693V,-1.77734375,EnsembleMLLR
S679P:E693G,-1.085546875,EnsembleMLLR
S679L:Y681F,-0.544921875,EnsembleMLLR
S679P:E693D,-0.6408203125,EnsembleMLLR
S679P:E682K,-0.97890625,EnsembleMLLR
S679P:E682G,-0.38398437500000004,EnsembleMLLR
S679P:D694V,-2.296484375,EnsembleMLLR
S679P:D694G,-0.9931640625,EnsembleMLLR
S679P:D694E,-0.42500000000000004,EnsembleMLLR
S679P:A713V,-0.86220703125,EnsembleMLLR
S679P:A713T,-3.31461181640625,EnsembleMLLR
S679P:A713S,-4.80068359375,EnsembleMLLR
S679P:A701V,-2.181201171875,EnsembleMLLR
S679P:A701T,-2.3898681640625,EnsembleMLLR
S679P:A692T,-0.536328125,EnsembleMLLR
S679P:A692S,-0.17460937499999996,EnsembleMLLR
S679P,-0.53515625,EnsembleMLLR
S679L:Y681N,0.905859375,EnsembleMLLR
S679P:E682V,-0.6617187499999999,EnsembleMLLR
S679L:K699N,-3.2337890625,EnsembleMLLR
S679L:A713T,-2.759228515625,EnsembleMLLR
S679L:K699E,-5.6231445312499995,EnsembleMLLR
S679L:A701V,-2.4048583984375,EnsembleMLLR
S679L:A701T,-2.08076171875,EnsembleMLLR
S679L:A692V,-1.24609375,EnsembleMLLR
S679L:A692T,-0.9320312500000001,EnsembleMLLR
S679L,-0.513671875,EnsembleMLLR
S679K,-0.60703125,EnsembleMLLR
S679I,-1.031640625,EnsembleMLLR
S679F,-1.28984375,EnsembleMLLR
S679A:V711D,-13.1443359375,EnsembleMLLR
S679A:V710D,-13.417187499999999,EnsembleMLLR
S679A:V695E,1.2603515625,EnsembleMLLR
S679A:V689M,-1.202734375,EnsembleMLLR
S679A:V689E,0.321875,EnsembleMLLR
S679A:Q686R,-0.11367187499999999,EnsembleMLLR
S679L:A713S,-4.759692382812499,EnsembleMLLR
S679A:N698D,-3.0626953125,EnsembleMLLR
S679A:K699R,0.619482421875,EnsembleMLLR
S679A:K687R,-0.063671875,EnsembleMLLR
S679A:H685Q,0.301171875,EnsembleMLLR
S679A:H685L,-0.36171875,EnsembleMLLR
S679A:H684L,-0.11015625000000001,EnsembleMLLR
S679A:G709C,-4.76064453125,EnsembleMLLR
S679A:G708D,-11.8296875,EnsembleMLLR
S679A:G680R,-0.8894531250000001,EnsembleMLLR
S679A:F691Y,0.21835937500000002,EnsembleMLLR
S679A:F691L,1.41484375,EnsembleMLLR
S679A:F690I,0.8328125,EnsembleMLLR
S679A:E682D,-0.0671875,EnsembleMLLR
S679A,-0.1046875,EnsembleMLLR
S679P:G696C,-7.271875,EnsembleMLLR
S679A:M706V,1.248828125,EnsembleMLLR
S679L:K699I,-3.091796875,EnsembleMLLR
S679L:A713V,-1.1600341796875,EnsembleMLLR
S679L:E682G,-0.5888671875,EnsembleMLLR
S679L:K687N,-0.367578125,EnsembleMLLR
S679L:K687I,-1.9437499999999999,EnsembleMLLR
S679L:K687E,0.46328125,EnsembleMLLR
S679L:I712V,0.2669921875,EnsembleMLLR
S679L:I712M,-1.7662109375,EnsembleMLLR
S679L:I712L,0.8208984375,EnsembleMLLR
S679L:I712K,-12.10078125,EnsembleMLLR
S679L:I702V,-0.95966796875,EnsembleMLLR
S679L:H685R,-0.37109375,EnsembleMLLR
S679L:H685Q,-0.47343750000000007,EnsembleMLLR
S679L:H685L,-1.073828125,EnsembleMLLR
S679L:H684R,-0.50546875,EnsembleMLLR
S679L:H684Q,0.015625,EnsembleMLLR
S679L:H684L,-0.630078125,EnsembleMLLR
S679L:E682D,-0.45664062499999997,EnsembleMLLR
S679L:G709D,-11.77275390625,EnsembleMLLR
S679L:G708V,-2.82763671875,EnsembleMLLR
S679L:G708C,-4.6220703125,EnsembleMLLR
S679L:G704R,-12.580321502685546,EnsembleMLLR
S679L:G700D,-5.7990234375,EnsembleMLLR
S679L:G700C,-9.70244140625,EnsembleMLLR
S679L:G696C,-7.515625,EnsembleMLLR
S679L:G680R,-0.96484375,EnsembleMLLR
S679L:F691Y,-0.43437499999999996,EnsembleMLLR
S679L:F691L,1.0011718749999998,EnsembleMLLR
S679L:F691I,0.46875,EnsembleMLLR
S679L:F690L,0.9089843750000001,EnsembleMLLR
S679L:F690I,0.63203125,EnsembleMLLR
S679L:E693G,-0.787109375,EnsembleMLLR
S679L:E693D,-0.6205078125,EnsembleMLLR
S679L:G709C,-4.086865234375,EnsembleMLLR
S679P:G696D,-0.806640625,EnsembleMLLR
S679L:D694E,-0.7267578124999999,EnsembleMLLR
S679P:G696S,0.2568359375,EnsembleMLLR
S679T:H684Y,-1.411328125,EnsembleMLLR
S679T:H685L,-0.64453125,EnsembleMLLR
S679T:H685N,0.052734375,EnsembleMLLR
S679T:H685Q,0.17734375000000002,EnsembleMLLR
S679T:H685R,0.10664062499999999,EnsembleMLLR
S679T:H685Y,-1.7789062500000001,EnsembleMLLR
S679T:I702F,-4.142578125,EnsembleMLLR
S679T:I702N,-8.3134765625,EnsembleMLLR
S679T:I702T,-3.503125,EnsembleMLLR
S679T:I702V,-0.8916992187499999,EnsembleMLLR
S679T:I703F,-5.2494140625,EnsembleMLLR
S679T:I703N,-12.485095214843751,EnsembleMLLR
S679T:I703T,-5.630224609375,EnsembleMLLR
S679T:I703V,-1.7617919921875,EnsembleMLLR
S679T:I712K,-11.321093750000001,EnsembleMLLR
S679T:I712L,1.10146484375,EnsembleMLLR
S679T:I712M,-1.4267578125,EnsembleMLLR
S679T:I712T,-3.340625,EnsembleMLLR
S679T:I712V,0.9064453124999999,EnsembleMLLR
S679T:K687E,0.448828125,EnsembleMLLR
S679T:K687I,-2.183203125,EnsembleMLLR
S679T:K687N,-0.188671875,EnsembleMLLR
S679T:K687R,-0.4578125,EnsembleMLLR
S679T:H684R,-0.24999999999999997,EnsembleMLLR
S679T:K699E,-5.2779296875,EnsembleMLLR
S679T:H684Q,0.14921875,EnsembleMLLR
S679T:H684L,-0.00390625,EnsembleMLLR
S679T:F690L,1.182421875,EnsembleMLLR
S679T:F690Y,0.32812499999999994,EnsembleMLLR
S679T:F691C,-4.225,EnsembleMLLR
S679T:F691I,0.940625,EnsembleMLLR
S679T:F691L,1.51953125,EnsembleMLLR
S679T:F691S,2.8343749999999996,EnsembleMLLR
S679T:F691Y,-0.03984375000000001,EnsembleMLLR
S679T:G680R,-0.8148437500000001,EnsembleMLLR
S679T:G696A,-0.44296874999999997,EnsembleMLLR
S679T:G696C,-7.170703125,EnsembleMLLR
S679T:G696D,-1.005859375,EnsembleMLLR
S679T:G696S,0.4642578125,EnsembleMLLR
S679T:G700C,-9.982128906249999,EnsembleMLLR
S679T:G700D,-5.377294921875,EnsembleMLLR
S679T:G704E,-12.378374481201172,EnsembleMLLR
S679T:G704R,-12.502938461303712,EnsembleMLLR
S679T:G708C,-5.257733154296875,EnsembleMLLR
S679T:G708D,-12.048022460937501,EnsembleMLLR
S679T:G708S,-3.557763671875,EnsembleMLLR
S679T:G708V,-2.3053955078125004,EnsembleMLLR
S679T:G709C,-3.4451171875,EnsembleMLLR
S679T:G709D,-10.960888671875,EnsembleMLLR
S679T:G709S,-3.10418701171875,EnsembleMLLR
S679T:H684N,-0.243359375,EnsembleMLLR
S679T:E693V,-1.8322265624999998,EnsembleMLLR
S679T:K699I,-3.4878906250000004,EnsembleMLLR
S679T:K699R,-0.11650390625000001,EnsembleMLLR
S679T:V683I,-0.89921875,EnsembleMLLR
S679T:V689A,1.470703125,EnsembleMLLR
S679T:V689E,0.546484375,EnsembleMLLR
S679T:V689M,-1.508203125,EnsembleMLLR
S679T:V695A,0.45703124999999994,EnsembleMLLR
S679T:V695E,1.4447265625,EnsembleMLLR
S679T:V695G,1.24296875,EnsembleMLLR
S679T:V695M,-1.375390625,EnsembleMLLR
S679T:V707A,-2.9083984375,EnsembleMLLR
S679T:V707E,-11.3646484375,EnsembleMLLR
S679T:V707M,-2.83828125,EnsembleMLLR
S679T:V710A,-0.9454101562499999,EnsembleMLLR
S679T:V710D,-13.256152343750001,EnsembleMLLR
S679T:V710I,-1.48271484375,EnsembleMLLR
S679T:V711A,-0.39453125,EnsembleMLLR
S679T:V711D,-12.9330078125,EnsembleMLLR
S679T:V711I,-1.0216796875,EnsembleMLLR
S679T:Y681C,-4.80625,EnsembleMLLR
S679T:Y681F,-0.07734374999999999,EnsembleMLLR
S679T:Y681H,0.95078125,EnsembleMLLR
S679T:Y681N,1.0234375,EnsembleMLLR
S679Y,-1.853515625,EnsembleMLLR
S679P:G696R,-2.5451171875,EnsembleMLLR
S679T:V683G,0.17343750000000002,EnsembleMLLR
S679T:K699N,-3.23828125,EnsembleMLLR
S679T:V683D,-0.09062499999999998,EnsembleMLLR
S679T:S697T,-0.78828125,EnsembleMLLR
S679T:L688F,-1.62265625,EnsembleMLLR
S679T:L688M,-0.926953125,EnsembleMLLR
S679T:L688S,1.3,EnsembleMLLR
S679T:L705F,-4.491455078125,EnsembleMLLR
S679T:L705H,-13.648541259765626,EnsembleMLLR
S679T:L705I,-2.5728942871093747,EnsembleMLLR
S679T:L705P,-9.857891845703126,EnsembleMLLR
S679T:M706I,1.119140625,EnsembleMLLR
S679T:M706K,-8.803906249999999,EnsembleMLLR
S679T:M706L,3.8610717773437497,EnsembleMLLR
S679T:M706T,-1.9789062499999999,EnsembleMLLR
S679T:M706V,1.224609375,EnsembleMLLR
S679T:N698D,-3.48515625,EnsembleMLLR
S679T:N698I,-5.387548828125,EnsembleMLLR
S679T:N698S,-0.6231445312499999,EnsembleMLLR
S679T:N698Y,-3.851953125,EnsembleMLLR
S679T:Q686H,-0.334765625,EnsembleMLLR
S679T:Q686K,-0.13242187499999997,EnsembleMLLR
S679T:Q686L,-1.283203125,EnsembleMLLR
S679T:Q686P,-0.20234375,EnsembleMLLR
S679T:Q686R,-0.31132812499999996,EnsembleMLLR
S679T:S697L,-1.92578125,EnsembleMLLR
S679T:S697P,-1.8203125,EnsembleMLLR
S679T:V683A,-0.10273437499999999,EnsembleMLLR
S679T:E693G,-0.8787109375,EnsembleMLLR
S679T:F690I,0.7984374999999999,EnsembleMLLR
S679T:E682V,-0.4009765625,EnsembleMLLR
S679P:I712K,-11.0859375,EnsembleMLLR
S679P:I712L,0.6765625000000001,EnsembleMLLR
S679P:I712M,-1.7712890625000002,EnsembleMLLR
S679P:I712T,-3.4435546875,EnsembleMLLR
S679P:I712V,0.42294921874999997,EnsembleMLLR
S679P:K687E,0.41250000000000003,EnsembleMLLR
S679P:K687I,-1.50234375,EnsembleMLLR
S679P:K687N,-0.266796875,EnsembleMLLR
S679P:K687R,-0.6984375,EnsembleMLLR
S679P:K699E,-5.3052734374999995,EnsembleMLLR
S679P:K699I,-3.528125,EnsembleMLLR
S679P:K699N,-3.5501953125,EnsembleMLLR
S679P:K699R,-0.42890625,EnsembleMLLR
S679P:L688F,-2.001171875,EnsembleMLLR
S679P:L688M,-1.05078125,EnsembleMLLR
S679P:L688S,1.1265625,EnsembleMLLR
S679P:L705F,-5.0198486328125,EnsembleMLLR
S679P:L705H,-13.106152343749999,EnsembleMLLR
S679P:L705P,-9.316259765625,EnsembleMLLR
S679P:M706I,1.007421875,EnsembleMLLR
S679P:M706K,-8.88046875,EnsembleMLLR
S679P:M706L,3.1314331054687496,EnsembleMLLR
S679P:M706T,-2.8921875000000004,EnsembleMLLR
S679P:I703V,-2.0943115234375003,EnsembleMLLR
S679P:M706V,1.418359375,EnsembleMLLR
S679P:I703T,-5.4185791015625,EnsembleMLLR
S679P:I703F,-5.6994140625,EnsembleMLLR
S679T:E693D,-0.308203125,EnsembleMLLR
S679P:G700C,-9.51142578125,EnsembleMLLR
S679P:G700D,-4.376708984375,EnsembleMLLR
S679P:G704R,-12.641786193847656,EnsembleMLLR
S679P:G708C,-4.9587890625,EnsembleMLLR
S679P:G708D,-12.949658203124999,EnsembleMLLR
S679P:G708S,-4.008154296875,EnsembleMLLR
S679P:G708V,-3.50389404296875,EnsembleMLLR
S679P:G709C,-4.887646484375001,EnsembleMLLR
S679P:G709D,-12.36187744140625,EnsembleMLLR
S679P:G709S,-3.3045654296875,EnsembleMLLR
S679P:H684L,-0.43281249999999993,EnsembleMLLR
S679P:H684N,-0.315625,EnsembleMLLR
S679P:H684Q,-0.312890625,EnsembleMLLR
S679P:H684R,-0.5339843750000001,EnsembleMLLR
S679P:H684Y,-1.4171875,EnsembleMLLR
S679P:H685L,-0.778125,EnsembleMLLR
S679P:H685Q,0.09921875000000002,EnsembleMLLR
S679P:H685R,-0.26640625000000007,EnsembleMLLR
S679P:H685Y,-1.8210937500000002,EnsembleMLLR
S679P:I702N,-7.8833984375,EnsembleMLLR
S679P:I702T,-4.717724609375,EnsembleMLLR
S679P:I702V,-1.22158203125,EnsembleMLLR
S679P:I703N,-12.72119140625,EnsembleMLLR
S679P:N698D,-3.6486328125,EnsembleMLLR
S679P:I702F,-3.7833984375,EnsembleMLLR
S679P:N698S,-0.14169921874999997,EnsembleMLLR
S679P:Y681F,-0.33984375,EnsembleMLLR
S679P:Y681H,0.661328125,EnsembleMLLR
S679P:Y681N,0.5953125,EnsembleMLLR
S679T,-0.27421875,EnsembleMLLR
S679T:A692E,0.285546875,EnsembleMLLR
S679T:A692S,0.16171875,EnsembleMLLR
S679T:A692T,-0.364453125,EnsembleMLLR
S679T:A692V,-0.9748046874999999,EnsembleMLLR
S679T:A701E,-7.25625,EnsembleMLLR
S679T:A701G,-3.809326171875,EnsembleMLLR
S679T:A701P,-2.9822265625,EnsembleMLLR
S679T:A701T,-2.28642578125,EnsembleMLLR
S679T:E682D,-0.23125,EnsembleMLLR
S679T:A713E,-12.015332031249999,EnsembleMLLR
S679T:A713S,-4.4994140625,EnsembleMLLR
S679T:A713T,-3.4480712890625003,EnsembleMLLR
S679T:A713V,-2.43555908203125,EnsembleMLLR
S679T:D694E,-0.39628906249999996,EnsembleMLLR
S679T:D694G,-0.7275390625,EnsembleMLLR
S679T:D694N,-1.2720703125,EnsembleMLLR
S679T:D694V,-2.173046875,EnsembleMLLR
S679P:N698I,-5.33017578125,EnsembleMLLR
S679T:E682G,-0.32890625,EnsembleMLLR
S679P:Y681C,-5.069140625,EnsembleMLLR
S679P:V711I,-1.0884765625,EnsembleMLLR
S679T:A701V,-1.8715576171875,EnsembleMLLR
S679P:V711A,-0.6984375,EnsembleMLLR
S679P:Q686H,-0.38515625,EnsembleMLLR
S679P:V711D,-13.1091796875,EnsembleMLLR
S679P:Q686L,-1.2203125,EnsembleMLLR
S679P:Q686P,-0.566015625,EnsembleMLLR
S679P:Q686R,-0.599609375,EnsembleMLLR
S679P:N698Y,-4.22177734375,EnsembleMLLR
S679P:S697T,-1.227734375,EnsembleMLLR
S679P:V683A,-0.26484375,EnsembleMLLR
S679P:V683D,-0.49296875,EnsembleMLLR
S679P:V683I,-1.12421875,EnsembleMLLR
S679P:V689A,0.8363281249999999,EnsembleMLLR
S679P:V689E,0.46660156250000007,EnsembleMLLR
S679P:S697P,-1.6124999999999998,EnsembleMLLR
S679P:V695A,0.573046875,EnsembleMLLR
S679P:V695E,1.271875,EnsembleMLLR
S679P:V695M,-1.430078125,EnsembleMLLR
S679P:V707A,-2.7404296875000003,EnsembleMLLR
S679P:V707E,-12.34794921875,EnsembleMLLR
S679P:V707L,-1.7947265625,EnsembleMLLR
S679P:V707M,-3.1888671875,EnsembleMLLR
S679P:V710A,-1.3826171875,EnsembleMLLR
S679P:V689M,-1.7781250000000002,EnsembleMLLR
S679P:V710D,-12.81689453125,EnsembleMLLR
S679P:V710I,-1.9380859375000001,EnsembleMLLR
G680E:N698D,-2.6736328125,EnsembleMLLR
G680E:N698I,-4.7177734375,EnsembleMLLR
G680E:N698S,-0.1818359375,EnsembleMLLR
G680E:N698Y,-3.6769531250000003,EnsembleMLLR
G680E:Q686H,-0.232421875,EnsembleMLLR
G680E:S697P,-1.4792968750000002,EnsembleMLLR
G680E:Q686R,-0.21328125000000003,EnsembleMLLR
G680E:S697L,-0.570703125,EnsembleMLLR
G680E:V683A,0.234375,EnsembleMLLR
G680E:V683D,0.8744140625000001,EnsembleMLLR
G680E:V683I,-0.7042968749999999,EnsembleMLLR
G680E:V689A,1.590625,EnsembleMLLR
G680E:Q686L,-1.01796875,EnsembleMLLR
G680E:M706V,1.641015625,EnsembleMLLR
G680E:K699R,0.498388671875,EnsembleMLLR
G680E:M706K,-8.951171875,EnsembleMLLR
G680E:M706I,1.472265625,EnsembleMLLR
G680E:L705P,-9.487255859374999,EnsembleMLLR
G680E:L705I,-2.024365234375,EnsembleMLLR
G680E:L705H,-12.504248046874999,EnsembleMLLR
G680E:L688V,0.666015625,EnsembleMLLR
G680E:L688S,1.6644531249999999,EnsembleMLLR
G680E:L688M,-0.653515625,EnsembleMLLR
G680E:L688F,-1.3578125,EnsembleMLLR
G680E:K699N,-2.3000000000000003,EnsembleMLLR
G680E:K699I,-2.3875,EnsembleMLLR
G680E:K699E,-4.18544921875,EnsembleMLLR
G680E:K687R,0.067578125,EnsembleMLLR
G680E:K687Q,0.20078125000000002,EnsembleMLLR
G680E:M706L,4.0779785156249995,EnsembleMLLR
G680E:V689E,0.8753906250000001,EnsembleMLLR
G680R:F690I,0.059765625000000044,EnsembleMLLR
G680E:V695E,1.8314453124999999,EnsembleMLLR
G680E:K687I,-1.776953125,EnsembleMLLR
G680R:G700D,-5.6741943359375,EnsembleMLLR
G680R:G696S,-0.13613281249999998,EnsembleMLLR
G680R:F691Y,-0.20664062500000002,EnsembleMLLR
G680R:F691S,2.255859375,EnsembleMLLR
G680R:F691L,0.8578125000000001,EnsembleMLLR
G680R:F691I,0.5195312500000001,EnsembleMLLR
G680R:F690S,2.1359375,EnsembleMLLR
G680R:F690L,0.6585937500000001,EnsembleMLLR
G680R:E693V,-2.6578125000000004,EnsembleMLLR
G680R:E693K,-1.9615234375,EnsembleMLLR
G680R:E693G,-1.4728515624999998,EnsembleMLLR
G680R:E693D,-0.587890625,EnsembleMLLR
G680R:E682V,-1.22578125,EnsembleMLLR
G680R:E682G,-0.783984375,EnsembleMLLR
G680R:E682D,-0.832421875,EnsembleMLLR
G680R:D694E,-0.6166015625,EnsembleMLLR
G680E:V695G,1.2640624999999999,EnsembleMLLR
G680E:V695M,-0.9578125,EnsembleMLLR
G680E:V707A,-2.14013671875,EnsembleMLLR
G680E:V707E,-11.5029296875,EnsembleMLLR
G680E:V710D,-13.3099609375,EnsembleMLLR
G680E:V711A,-0.21142578125,EnsembleMLLR
G680E:V695A,0.8851562500000001,EnsembleMLLR
G680E:V711D,-12.8521484375,EnsembleMLLR
G680E:Y681F,0.138671875,EnsembleMLLR
G680L,-0.3859375,EnsembleMLLR
G680R,-0.604296875,EnsembleMLLR
G680R:A692T,-0.791015625,EnsembleMLLR
G680R:A701T,-2.3369140625,EnsembleMLLR
G680R:A701V,-2.1283203124999996,EnsembleMLLR
G680E:Y681C,-4.600390625,EnsembleMLLR
G680E:K687E,0.8119140625,EnsembleMLLR
G680A:V683A,0.2015625,EnsembleMLLR
G680E:I712T,-3.4931640625,EnsembleMLLR
G680E:E682G,0.125390625,EnsembleMLLR
G680E:E682D,0.08671875000000001,EnsembleMLLR
G680E:D694E,0.007617187500000001,EnsembleMLLR
G680E:A713V,-0.7374999999999999,EnsembleMLLR
G680E:A713T,-2.77685546875,EnsembleMLLR
G680E:A713S,-3.9510986328124997,EnsembleMLLR
G680E:A701V,-1.8045410156250001,EnsembleMLLR
G680E:A701T,-1.8850585937500002,EnsembleMLLR
G680E:A692V,-0.568359375,EnsembleMLLR
G680E:A692E,0.7005859375000001,EnsembleMLLR
G680E,0.05546875,EnsembleMLLR
G680D,0.209375,EnsembleMLLR
G680C,-7.110546875,EnsembleMLLR
G680A:V711A,0.449365234375,EnsembleMLLR
G680R:G704R,-11.978540039062501,EnsembleMLLR
G680A:N698D,-3.02783203125,EnsembleMLLR
G680A:K699R,0.757861328125,EnsembleMLLR
G680A:F690I,0.7421875,EnsembleMLLR
G680A:F691C,-3.93515625,EnsembleMLLR
G680A:F691L,1.56328125,EnsembleMLLR
G680A:G696D,-1.16875,EnsembleMLLR
G680A:G708C,-3.6708740234375004,EnsembleMLLR
G680A:G709C,-4.046923828125,EnsembleMLLR
G680E:E682V,0.09101562499999999,EnsembleMLLR
G680A:G709S,-2.8030029296875,EnsembleMLLR
G680A:I712L,1.4818359374999999,EnsembleMLLR
G680A:I712V,0.9951171875,EnsembleMLLR
G680A:K687I,-1.54921875,EnsembleMLLR
G680A:K687N,-0.102734375,EnsembleMLLR
G680A:K699E,-4.183398437499999,EnsembleMLLR
G680A:K699I,-3.3353515625,EnsembleMLLR
G680A:I703F,-5.6387451171875,EnsembleMLLR
G680E:I712V,0.62099609375,EnsembleMLLR
G680E:E693D,0.024804687500000006,EnsembleMLLR
G680E:E693V,-2.103125,EnsembleMLLR
G680E:I712L,1.3546875,EnsembleMLLR
G680E:I712K,-11.045703125,EnsembleMLLR
G680E:I703T,-5.8015502929687495,EnsembleMLLR
G680E:I703N,-11.596899414062499,EnsembleMLLR
G680E:I702V,-0.575,EnsembleMLLR
G680E:I702T,-3.5310546875,EnsembleMLLR
G680E:I702F,-3.1424804687499996,EnsembleMLLR
G680E:H685R,0.341796875,EnsembleMLLR
G680E:H685Q,0.27734375,EnsembleMLLR
G680E:H685N,0.3296875,EnsembleMLLR
G680E:H685L,-0.40312500000000007,EnsembleMLLR
G680E:H684Y,-1.03359375,EnsembleMLLR
G680E:H684R,0.1703125,EnsembleMLLR
G680E:H684Q,0.394140625,EnsembleMLLR
G680E:H684L,0.161328125,EnsembleMLLR
G680E:G709S,-2.74705810546875,EnsembleMLLR
G680E:G709D,-11.297900390625001,EnsembleMLLR
G680E:F690I,0.89375,EnsembleMLLR
G680E:F690L,1.455859375,EnsembleMLLR
G680E:F690Y,0.341796875,EnsembleMLLR
G680E:F691I,1.139453125,EnsembleMLLR
G680E:F691L,1.556640625,EnsembleMLLR
G680E:F691Y,0.33125,EnsembleMLLR
G680E:E693G,-0.7740234374999999,EnsembleMLLR
G680E:G696C,-6.8232421875,EnsembleMLLR
G680E:G700S,-1.62080078125,EnsembleMLLR
G680E:G704E,-12.238336181640625,EnsembleMLLR
G680E:G704R,-11.834422302246095,EnsembleMLLR
G680E:G708C,-3.5291015625,EnsembleMLLR
G680E:G708S,-3.02506103515625,EnsembleMLLR
G680E:G709C,-4.550439453125,EnsembleMLLR
G680E:G700C,-9.511499023437501,EnsembleMLLR
G680R:G708C,-4.055224609375,EnsembleMLLR
G680R:Y681N,0.6148437500000001,EnsembleMLLR
G680R:G708V,-1.944091796875,EnsembleMLLR
G680V:K699E,-4.7890625,EnsembleMLLR
G680V:K687R,-0.191796875,EnsembleMLLR
G680V:K687N,0.11347656249999999,EnsembleMLLR
G680V:K687I,-1.6496093749999998,EnsembleMLLR
G680V:K687E,0.6794921875,EnsembleMLLR
G680V:I712V,0.7865234375,EnsembleMLLR
G680V:I712T,-2.983984375,EnsembleMLLR
G680V:I712M,-1.4275390625000002,EnsembleMLLR
G680V:I712L,1.4646484375,EnsembleMLLR
G680V:I712K,-11.917187499999999,EnsembleMLLR
G680V:I703T,-5.408764648437501,EnsembleMLLR
G680V:I702V,-0.8896484375,EnsembleMLLR
G680V:I702N,-7.71748046875,EnsembleMLLR
G680V:I702F,-4.2286132812499995,EnsembleMLLR
G680V:K699I,-2.678515625,EnsembleMLLR
G680V:H685R,-0.032812499999999994,EnsembleMLLR
G680V:H685L,-0.876953125,EnsembleMLLR
G680V:H684R,0.046484375,EnsembleMLLR
G680V:H684Q,0.52265625,EnsembleMLLR
G680V:H684L,0.24374999999999997,EnsembleMLLR
G680V:G709S,-3.846636962890625,EnsembleMLLR
G680V:G709D,-11.6531494140625,EnsembleMLLR
G680V:G709C,-3.6896728515625,EnsembleMLLR
G680V:G708S,-3.972113037109375,EnsembleMLLR
G680V:G708D,-11.9365478515625,EnsembleMLLR
G680V:G708C,-3.3847167968750003,EnsembleMLLR
G680V:G700C,-9.590673828125,EnsembleMLLR
G680V:G696S,0.8765625,EnsembleMLLR
G680V:G696C,-6.952734375,EnsembleMLLR
G680V:F691Y,0.15781250000000002,EnsembleMLLR
G680V:H685Q,0.56640625,EnsembleMLLR
G680V:K699N,-2.5171875,EnsembleMLLR
G680V:K699R,0.52763671875,EnsembleMLLR
G680V:L688S,1.863671875,EnsembleMLLR
G680W,-4.03671875,EnsembleMLLR
G680V:Y681N,1.1421875,EnsembleMLLR
G680V:Y681F,-0.13593750000000002,EnsembleMLLR
G680V:Y681C,-3.984765625,EnsembleMLLR
G680V:V711D,-13.496875,EnsembleMLLR
G680V:V711A,0.7633789062499999,EnsembleMLLR
G680V:V710I,-1.1493164062499999,EnsembleMLLR
G680V:V710A,-0.33320312500000004,EnsembleMLLR
G680V:V707M,-2.77490234375,EnsembleMLLR
G680V:V707E,-11.4712890625,EnsembleMLLR
G680V:V707A,-1.6906738281249998,EnsembleMLLR
G680V:V695E,1.3642578125,EnsembleMLLR
G680V:V695A,0.94140625,EnsembleMLLR
G680V:V689M,-1.3953125,EnsembleMLLR
G680V:V689E,0.41835937500000003,EnsembleMLLR
G680V:V689A,1.076171875,EnsembleMLLR
G680V:V683A,0.425390625,EnsembleMLLR
G680V:L705P,-9.082128906249999,EnsembleMLLR
G680V:M706I,1.6529296875,EnsembleMLLR
G680V:M706K,-8.873046875,EnsembleMLLR
G680V:M706L,3.1259277343750003,EnsembleMLLR
G680V:M706V,1.2332031250000002,EnsembleMLLR
G680V:N698D,-3.0169921875,EnsembleMLLR
G680V:F691S,2.9796875,EnsembleMLLR
G680V:N698S,-0.5158447265625,EnsembleMLLR
G680V:Q686H,-0.015234374999999994,EnsembleMLLR
G680V:Q686L,-1.0972656250000001,EnsembleMLLR
G680V:Q686R,0.059375000000000004,EnsembleMLLR
G680V:S697A,-0.839453125,EnsembleMLLR
G680V:S697P,-1.406640625,EnsembleMLLR
G680V:S697T,-1.1259765625,EnsembleMLLR
G680V:N698Y,-4.2697265625,EnsembleMLLR
G680R:G708S,-4.22713623046875,EnsembleMLLR
G680V:F691L,1.9646484375,EnsembleMLLR
G680V:F690L,1.13671875,EnsembleMLLR
G680R:N698Y,-4.358349609375,EnsembleMLLR
G680R:N698I,-5.7048828125,EnsembleMLLR
G680R:N698D,-3.6099609375000004,EnsembleMLLR
G680R:M706L,3.004559326171875,EnsembleMLLR
G680R:M706K,-9.258984375,EnsembleMLLR
G680R:L705H,-13.088543701171874,EnsembleMLLR
G680R:L688S,1.314453125,EnsembleMLLR
G680R:K699R,-0.19619140624999998,EnsembleMLLR
G680R:K699N,-3.7908203124999997,EnsembleMLLR
G680R:K699I,-3.898046875,EnsembleMLLR
G680R:K699E,-5.5755859375000005,EnsembleMLLR
G680R:K687R,-0.8042968749999999,EnsembleMLLR
G680R:K687N,-0.843359375,EnsembleMLLR
G680R:K687I,-2.032421875,EnsembleMLLR
G680R:Q686H,-0.86953125,EnsembleMLLR
G680R:K687E,0.46328125000000003,EnsembleMLLR
G680R:I712T,-3.5925781249999997,EnsembleMLLR
G680R:I712L,1.347314453125,EnsembleMLLR
G680R:I712K,-11.915234375,EnsembleMLLR
G680R:I703V,-2.07431640625,EnsembleMLLR
G680R:I703T,-6.62861328125,EnsembleMLLR
G680R:I702V,-1.264453125,EnsembleMLLR
G680R:H685R,-0.30585937500000004,EnsembleMLLR
G680R:H685L,-0.84765625,EnsembleMLLR
G680R:H684R,-0.5222656250000001,EnsembleMLLR
G680R:H684Q,-0.196484375,EnsembleMLLR
G680R:H684L,-0.473828125,EnsembleMLLR
G680R:G709S,-3.8530517578125,EnsembleMLLR
G680R:G709D,-12.475152587890626,EnsembleMLLR
G680R:G709C,-5.1845458984374995,EnsembleMLLR
G680R:I712V,-0.20097656249999996,EnsembleMLLR
G680R:Q686L,-1.626953125,EnsembleMLLR
G680R:Q686R,-0.724609375,EnsembleMLLR
G680R:S697P,-2.339453125,EnsembleMLLR
G680V:F690I,0.446875,EnsembleMLLR
G680V:E693V,-1.6806640625,EnsembleMLLR
G680V:E693G,-0.491796875,EnsembleMLLR
G680V:E693D,0.1287109375,EnsembleMLLR
G680V:E682V,-0.15976562500000002,EnsembleMLLR
G680V:E682G,-0.516015625,EnsembleMLLR
G680V:E682D,0.057421875,EnsembleMLLR
G680V:D694G,-0.6328125,EnsembleMLLR
G680V:D694E,-0.18125000000000002,EnsembleMLLR
G680V:A713V,-1.194580078125,EnsembleMLLR
G680V:A713S,-4.257861328125,EnsembleMLLR
G680V:A701V,-2.06201171875,EnsembleMLLR
G680V:A701T,-1.5986328125,EnsembleMLLR
G680V,-0.1421875,EnsembleMLLR
G680S,0.14296875,EnsembleMLLR
G680R:Y681F,-0.44453125,EnsembleMLLR
G680R:V711D,-13.794921875,EnsembleMLLR
G680R:S697T,-1.371484375,EnsembleMLLR
G680R:V683A,-0.291796875,EnsembleMLLR
G680R:V683D,-0.18789062499999998,EnsembleMLLR
G680R:V689A,0.659375,EnsembleMLLR
G680R:V689E,0.04218749999999993,EnsembleMLLR
G680R:V689G,1.7039062500000002,EnsembleMLLR
G680V:F691I,0.8585937499999999,EnsembleMLLR
G680R:V689M,-1.991796875,EnsembleMLLR
G680R:V695E,0.512890625,EnsembleMLLR
G680R:V695M,-1.9515624999999999,EnsembleMLLR
G680R:V707L,-1.8053222656249999,EnsembleMLLR
G680R:V707M,-3.518896484375,EnsembleMLLR
G680R:V710A,-1.757080078125,EnsembleMLLR
G680R:V710D,-14.219531250000001,EnsembleMLLR
G680R:V695A,0.28125,EnsembleMLLR
G680V:L705H,-13.39556884765625,EnsembleMLLR
G680A,-0.170703125,EnsembleMLLR
G680A:A701V,-1.94189453125,EnsembleMLLR
Y681H:N698Y,-2.193896484375,EnsembleMLLR
Y681H:N698S,0.8768554687499999,EnsembleMLLR
Y681H:N698I,-3.3419921875000003,EnsembleMLLR
Y681H:N698D,-2.01021728515625,EnsembleMLLR
Y681H:M706V,2.0921874999999996,EnsembleMLLR
Y681H:M706T,-0.5390625,EnsembleMLLR
Y681H:M706L,5.0251708984375,EnsembleMLLR
Y681H:M706K,-7.0703125,EnsembleMLLR
Y681H:M706I,2.6306640625,EnsembleMLLR
Y681H:L705P,-8.3645263671875,EnsembleMLLR
Y681H:L705I,-0.14982910156249996,EnsembleMLLR
Y681H:L705H,-11.5486328125,EnsembleMLLR
Y681H:L688S,2.8859375,EnsembleMLLR
Y681H:L688M,0.8492187499999999,EnsembleMLLR
Y681H:L688F,-0.036328125000000044,EnsembleMLLR
Y681H:K699T,-0.057812500000000044,EnsembleMLLR
Y681H:K699R,1.92412109375,EnsembleMLLR
Y681H:K699N,-1.3916015624999998,EnsembleMLLR
Y681H:K699I,-2.05703125,EnsembleMLLR
Y681H:K699E,-3.595703125,EnsembleMLLR
Y681H:K687R,1.22421875,EnsembleMLLR
Y681H:K687Q,1.50859375,EnsembleMLLR
Y681H:K687N,1.0109375,EnsembleMLLR
Y681H:K687I,-0.33710937500000004,EnsembleMLLR
Y681H:K687E,2.113671875,EnsembleMLLR
Y681H:I712V,2.3158203125,EnsembleMLLR
Y681H:I712T,-1.82265625,EnsembleMLLR
Y681H:Q686H,1.05859375,EnsembleMLLR
Y681H:I712M,-0.15742187499999982,EnsembleMLLR
Y681H:Q686L,1.2605468750000002,EnsembleMLLR
Y681H:S697L,-0.09609375000000009,EnsembleMLLR
Y681N:A692S,1.8621093750000002,EnsembleMLLR
Y681N,1.058984375,EnsembleMLLR
Y681L,1.52421875,EnsembleMLLR
Y681K,1.219140625,EnsembleMLLR
Y681I,1.03125,EnsembleMLLR
Y681H:V711I,0.11054687500000004,EnsembleMLLR
Y681H:V711G,-2.2154296875,EnsembleMLLR
Y681H:V711D,-12.0421875,EnsembleMLLR
Y681H:V711A,2.2943359375,EnsembleMLLR
Y681H:V710I,0.07685546875000004,EnsembleMLLR
Y681H:V710D,-11.9501953125,EnsembleMLLR
Y681H:V710A,0.6147460937500001,EnsembleMLLR
Y681H:V707M,-1.559765625,EnsembleMLLR
Y681H:V707L,-0.6292968749999999,EnsembleMLLR
Y681H:V707E,-10.74755859375,EnsembleMLLR
Y681H:V707A,-1.13603515625,EnsembleMLLR
Y681H:V695M,-0.012499999999999956,EnsembleMLLR
Y681H:V695E,2.65234375,EnsembleMLLR
Y681H:V695A,2.02109375,EnsembleMLLR
Y681H:V689M,-0.13750000000000018,EnsembleMLLR
Y681H:V689E,1.792578125,EnsembleMLLR
Y681H:V689A,2.8714843749999996,EnsembleMLLR
Y681H:V683I,0.44999999999999996,EnsembleMLLR
Y681H:V683D,1.3675781249999999,EnsembleMLLR
Y681H:V683A,1.19609375,EnsembleMLLR
Y681H:S697T,0.371484375,EnsembleMLLR
Y681H:S697P,-0.2046874999999999,EnsembleMLLR
Y681H:Q686R,1.0074218750000001,EnsembleMLLR
Y681H:I712L,2.85078125,EnsembleMLLR
Y681H:I712K,-10.609179687500001,EnsembleMLLR
Y681H:I703V,-0.15566406249999987,EnsembleMLLR
Y681H:F691L,2.9066406249999996,EnsembleMLLR
Y681H:F691I,2.87734375,EnsembleMLLR
Y681H:F690Y,1.310546875,EnsembleMLLR
Y681H:F690L,2.5703125,EnsembleMLLR
Y681H:F690I,2.155078125,EnsembleMLLR
Y681H:E693V,-0.5552734375000001,EnsembleMLLR
Y681H:E693G,0.6906249999999999,EnsembleMLLR
Y681H:E693D,1.0591796875,EnsembleMLLR
Y681H:E682V,0.9542968749999999,EnsembleMLLR
Y681H:E682G,1.4693359375000001,EnsembleMLLR
Y681H:E682D,1.2990234375,EnsembleMLLR
Y681H:D694V,-0.8232421874999999,EnsembleMLLR
Y681H:D694G,0.859375,EnsembleMLLR
Y681H:D694E,1.6423828125,EnsembleMLLR
Y681H:A713V,0.5578124999999999,EnsembleMLLR
Y681H:A713T,-1.2200317382812502,EnsembleMLLR
Y681H:A713S,-3.3858154296875,EnsembleMLLR
Y681H:A701V,-0.766064453125,EnsembleMLLR
Y681H:A701T,0.00244140625,EnsembleMLLR
Y681H:A701S,-1.584521484375,EnsembleMLLR
Y681H:A701P,-1.34423828125,EnsembleMLLR
Y681H:A692V,0.6382812499999999,EnsembleMLLR
Y681H:A692T,1.086328125,EnsembleMLLR
Y681H:A692P,1.3203125,EnsembleMLLR
Y681H:A692G,1.776953125,EnsembleMLLR
Y681H:A692E,2.069140625,EnsembleMLLR
Y681H,1.0390625,EnsembleMLLR
Y681H:F691S,4.667578125,EnsembleMLLR
Y681H:F691Y,1.45546875,EnsembleMLLR
Y681H:G696C,-5.773828125,EnsembleMLLR
Y681H:G696D,-0.11796874999999996,EnsembleMLLR
Y681H:I703T,-3.718798828125,EnsembleMLLR
Y681H:I703N,-9.6867919921875,EnsembleMLLR
Y681H:I703F,-4.3863281249999995,EnsembleMLLR
Y681H:I702V,0.6705078124999999,EnsembleMLLR
Y681H:I702N,-7.06015625,EnsembleMLLR
Y681H:I702F,-3.14326171875,EnsembleMLLR
Y681H:H685R,1.3875,EnsembleMLLR
Y681H:H685Q,1.619140625,EnsembleMLLR
Y681H:H685N,1.673046875,EnsembleMLLR
Y681H:H685L,0.23749999999999993,EnsembleMLLR
Y681H:H684Y,0.078125,EnsembleMLLR
Y681H:H684R,1.54375,EnsembleMLLR
Y681H:H684Q,1.484375,EnsembleMLLR
Y681N:A692T,1.07421875,EnsembleMLLR
Y681H:H684L,1.6988281250000001,EnsembleMLLR
Y681H:G709D,-9.926562500000001,EnsembleMLLR
Y681H:G709C,-2.8022216796875,EnsembleMLLR
Y681H:G708S,-2.2876953125,EnsembleMLLR
Y681H:G708R,-9.566699218750001,EnsembleMLLR
Y681H:G708D,-9.911328125,EnsembleMLLR
Y681H:G708C,-2.3130615234375,EnsembleMLLR
Y681H:G704V,-7.1432853698730465,EnsembleMLLR
Y681H:G704R,-10.582727813720703,EnsembleMLLR
Y681H:G700R,-4.5804687500000005,EnsembleMLLR
Y681H:G700D,-4.03828125,EnsembleMLLR
Y681H:G700C,-8.1349609375,EnsembleMLLR
Y681H:G696V,-0.416015625,EnsembleMLLR
Y681H:G696R,-0.10898437499999991,EnsembleMLLR
Y681H:G709S,-2.10167236328125,EnsembleMLLR
Y681F:V711L,0.4015625,EnsembleMLLR
Y681F:V711I,-0.8189453125,EnsembleMLLR
Y681N:A701S,-1.5638671874999999,EnsembleMLLR
Y681N:Q686H,1.0875,EnsembleMLLR
Y681N:N698Y,-2.45126953125,EnsembleMLLR
Y681N:N698T,0.09501953124999996,EnsembleMLLR
Y681N:N698S,1.55546875,EnsembleMLLR
Y681N:N698I,-4.466113281249999,EnsembleMLLR
Y681N:N698D,-1.5987304687500001,EnsembleMLLR
Y681N:M706V,2.7421875,EnsembleMLLR
Y681N:M706T,-0.9359374999999999,EnsembleMLLR
Y681N:M706L,5.18743896484375,EnsembleMLLR
Y681N:M706K,-7.165625,EnsembleMLLR
Y681N:M706I,2.5966796875,EnsembleMLLR
Y681N:L705P,-8.870489501953125,EnsembleMLLR
Y681N:L705H,-11.547793579101562,EnsembleMLLR
Y681N:L705F,-3.4000488281249996,EnsembleMLLR
Y681N:L688S,3.2503906249999996,EnsembleMLLR
Y681N:L688M,0.58203125,EnsembleMLLR
Y681N:L688F,-0.29609375000000004,EnsembleMLLR
Y681N:K699R,1.8440185546874999,EnsembleMLLR
Y681N:K699N,-1.0851562500000003,EnsembleMLLR
Y681N:K699I,-1.3722656249999998,EnsembleMLLR
Y681N:K699E,-3.4539062499999997,EnsembleMLLR
Y681N:K687R,0.9253906249999999,EnsembleMLLR
Y681N:K687N,1.088671875,EnsembleMLLR
Y681N:K687I,-0.05820312500000002,EnsembleMLLR
Y681N:K687E,2.192578125,EnsembleMLLR
Y681N:I712V,2.4078125,EnsembleMLLR
Y681N:I712T,-2.0628906249999996,EnsembleMLLR
Y681N:Q686K,1.17265625,EnsembleMLLR
Y681N:I712M,-0.1382812499999999,EnsembleMLLR
Y681N:Q686L,0.46171874999999996,EnsembleMLLR
Y681N:S697P,-0.40898437499999996,EnsembleMLLR
Y681S:M706V,3.0373046875,EnsembleMLLR
Y681S:F691L,3.264453125,EnsembleMLLR
Y681S,1.697265625,EnsembleMLLR
Y681R,0.858984375,EnsembleMLLR
Y681Q,1.03046875,EnsembleMLLR
Y681N:V711I,0.39863281249999993,EnsembleMLLR
Y681N:V711D,-11.4544921875,EnsembleMLLR
Y681N:V711A,1.89755859375,EnsembleMLLR
Y681N:V710I,0.13437500000000013,EnsembleMLLR
Y681N:V710D,-11.6501953125,EnsembleMLLR
Y681N:V710A,0.91962890625,EnsembleMLLR
Y681N:V707M,-1.5709960937499998,EnsembleMLLR
Y681N:V707E,-10.994140625,EnsembleMLLR
Y681N:V707A,-0.2850585937500001,EnsembleMLLR
Y681N:V695M,0.138671875,EnsembleMLLR
Y681N:V695G,2.0484375,EnsembleMLLR
Y681N:V695E,2.3662109375,EnsembleMLLR
Y681N:V695A,2.258984375,EnsembleMLLR
Y681N:V689M,-0.15507812499999996,EnsembleMLLR
Y681N:V689G,2.5130859374999996,EnsembleMLLR
Y681N:V689E,1.9949218750000002,EnsembleMLLR
Y681N:V689A,2.87255859375,EnsembleMLLR
Y681N:V683L,0.9128906250000001,EnsembleMLLR
Y681N:V683I,0.6371093750000001,EnsembleMLLR
Y681N:V683D,1.40859375,EnsembleMLLR
Y681N:V683A,1.18203125,EnsembleMLLR
Y681N:S697T,0.5529296875,EnsembleMLLR
Y681N:Q686R,1.0234375,EnsembleMLLR
Y681N:I712L,2.84091796875,EnsembleMLLR
Y681N:I712K,-10.630859375,EnsembleMLLR
Y681N:I703V,0.21528320312499982,EnsembleMLLR
Y681N:F691S,4.588671874999999,EnsembleMLLR
Y681N:F691L,2.887890625,EnsembleMLLR
Y681N:F691I,2.5546875,EnsembleMLLR
Y681N:F690Y,1.616796875,EnsembleMLLR
Y681N:F690S,4.33671875,EnsembleMLLR
Y681N:F690L,2.80390625,EnsembleMLLR
Y681N:F690I,1.8386718750000002,EnsembleMLLR
Y681N:E693V,-0.661328125,EnsembleMLLR
Y681N:E693K,-0.1748046875,EnsembleMLLR
Y681N:E693G,0.33281250000000007,EnsembleMLLR
Y681N:E693D,1.1216796875000001,EnsembleMLLR
Y681N:E682V,0.921875,EnsembleMLLR
Y681N:E682K,0.72890625,EnsembleMLLR
Y681N:E682G,1.5060546875,EnsembleMLLR
Y681N:E682D,1.0355468749999999,EnsembleMLLR
Y681N:E682A,0.90234375,EnsembleMLLR
Y681N:D694V,-0.189453125,EnsembleMLLR
Y681N:D694N,0.5523437500000001,EnsembleMLLR
Y681N:D694G,0.5978515625,EnsembleMLLR
Y681N:D694E,1.2736328125,EnsembleMLLR
Y681N:A713V,0.37753906250000013,EnsembleMLLR
Y681N:A713T,-1.54609375,EnsembleMLLR
Y681N:A713S,-3.3290283203124997,EnsembleMLLR
Y681N:A713G,-1.4997070312499998,EnsembleMLLR
Y681N:A713E,-10.8046142578125,EnsembleMLLR
Y681N:A701V,-0.4911621093749998,EnsembleMLLR
Y681N:A701T,-0.8118896484375,EnsembleMLLR
Y681N:F691V,3.540234375,EnsembleMLLR
Y681N:F691Y,1.5773437499999998,EnsembleMLLR
Y681N:G696C,-5.2970703125,EnsembleMLLR
Y681N:G696D,1.123046875,EnsembleMLLR
Y681N:I703T,-3.4722656249999995,EnsembleMLLR
Y681N:I703N,-10.05,EnsembleMLLR
Y681N:I703F,-4.80047607421875,EnsembleMLLR
Y681N:I702V,0.46699218750000004,EnsembleMLLR
Y681N:I702T,-2.8648925781249996,EnsembleMLLR
Y681N:I702N,-7.690673828125,EnsembleMLLR
Y681N:I702F,-2.1578125,EnsembleMLLR
Y681N:H685R,1.43671875,EnsembleMLLR
Y681N:H685Q,1.584375,EnsembleMLLR
Y681N:H685N,1.6550781250000002,EnsembleMLLR
Y681N:H685L,1.212890625,EnsembleMLLR
Y681N:H684Y,-0.23164062500000004,EnsembleMLLR
Y681N:H684R,1.209375,EnsembleMLLR
Y681N:A701P,-1.64638671875,EnsembleMLLR
Y681N:H684Q,1.31015625,EnsembleMLLR
Y681N:G709V,-1.2943359374999999,EnsembleMLLR
Y681N:G709S,-1.8284912109374998,EnsembleMLLR
Y681N:G709D,-10.1852294921875,EnsembleMLLR
Y681N:G709C,-2.4308837890625004,EnsembleMLLR
Y681N:G708V,-0.30952148437500004,EnsembleMLLR
Y681N:G708S,-1.2227783203125,EnsembleMLLR
Y681N:G708D,-10.28720703125,EnsembleMLLR
Y681N:G708C,-2.696630859375,EnsembleMLLR
Y681N:G704V,-7.415468215942383,EnsembleMLLR
Y681N:G704R,-10.739669036865234,EnsembleMLLR
Y681N:G700D,-3.9659667968749996,EnsembleMLLR
Y681N:G700C,-8.694653320312499,EnsembleMLLR
Y681N:G696S,1.80546875,EnsembleMLLR
Y681N:H684L,1.4507812500000001,EnsembleMLLR
Y681N:A692V,0.54921875,EnsembleMLLR
Y681S:V689E,2.2406249999999996,EnsembleMLLR
Y681F:V711D,-12.65625,EnsembleMLLR
Y681C:N698Y,-7.605175781250001,EnsembleMLLR
Y681C:N698S,-4.751708984375,EnsembleMLLR
Y681C:N698I,-10.19140625,EnsembleMLLR
Y681C:N698D,-7.4548828125,EnsembleMLLR
Y681C:M706V,-2.7722656249999997,EnsembleMLLR
Y681C:M706T,-6.59375,EnsembleMLLR
Y681C:M706L,-1.1029296875000005,EnsembleMLLR
Y681C:M706K,-12.696875,EnsembleMLLR
Y681C:M706I,-2.2669921874999996,EnsembleMLLR
Y681C:L705P,-13.96279296875,EnsembleMLLR
Y681C:L705H,-16.842431640625,EnsembleMLLR
Y681C:L705F,-8.911788940429688,EnsembleMLLR
Y681C:L688S,-2.3726562500000004,EnsembleMLLR
Y681C:L688M,-5.528515625000001,EnsembleMLLR
Y681C:L688F,-5.5328125,EnsembleMLLR
Y681C:K699R,-3.5816406250000004,EnsembleMLLR
Y681C:K699N,-6.5150390625,EnsembleMLLR
Y681C:K699I,-6.5498046875,EnsembleMLLR
Y681C:K699E,-10.302148437500001,EnsembleMLLR
Y681C:K687R,-4.908203125,EnsembleMLLR
Y681C:K687N,-4.7359375,EnsembleMLLR
Y681C:K687I,-6.277734375,EnsembleMLLR
Y681C:K687E,-4.178515625,EnsembleMLLR
Y681C:I712V,-3.7599609375,EnsembleMLLR
Y681C:I712T,-7.015625,EnsembleMLLR
Y681C:I712M,-5.8662109375,EnsembleMLLR
Y681C:I712L,-3.5956542968750003,EnsembleMLLR
Y681C:Q686H,-4.746875,EnsembleMLLR
Y681C:I712K,-15.958203125,EnsembleMLLR
Y681C:Q686K,-4.1792968749999995,EnsembleMLLR
Y681C:Q686R,-4.4515625000000005,EnsembleMLLR
Y681D:F691I,2.858984375,EnsembleMLLR
Y681D:F690I,2.188671875,EnsembleMLLR
Y681D,1.6859375,EnsembleMLLR
Y681C:V711I,-5.040234375000001,EnsembleMLLR
Y681C:V711D,-17.2947265625,EnsembleMLLR
Y681C:V711A,-4.146435546875,EnsembleMLLR
Y681C:V710I,-6.12607421875,EnsembleMLLR
Y681C:V710D,-17.61337890625,EnsembleMLLR
Y681C:V710A,-4.92958984375,EnsembleMLLR
Y681C:V707M,-8.131494140625,EnsembleMLLR
Y681C:V707E,-15.9330078125,EnsembleMLLR
Y681C:V707A,-6.28388671875,EnsembleMLLR
Y681C:V695M,-5.30546875,EnsembleMLLR
Y681C:V695L,-4.82109375,EnsembleMLLR
Y681C:V695G,-3.2992187499999996,EnsembleMLLR
Y681C:V695E,-2.7876953125000004,EnsembleMLLR
Y681C:V695A,-3.1953125,EnsembleMLLR
Y681C:V689M,-5.906640625,EnsembleMLLR
Y681C:V689G,-2.56796875,EnsembleMLLR
Y681C:V689E,-3.5023437500000005,EnsembleMLLR
Y681C:V689A,-2.8333984375,EnsembleMLLR
Y681C:V683I,-4.675390625,EnsembleMLLR
Y681C:V683D,-3.816796875,EnsembleMLLR
Y681C:V683A,-3.826953125,EnsembleMLLR
Y681C:S697T,-5.238671875,EnsembleMLLR
Y681C:S697P,-5.5201171874999995,EnsembleMLLR
Y681C:S697L,-5.0927734375,EnsembleMLLR
Y681C:Q686L,-5.592578125,EnsembleMLLR
Y681C:I703V,-5.3033935546875,EnsembleMLLR
Y681C:I703T,-9.640966796874999,EnsembleMLLR
Y681C:I703N,-14.035205078125,EnsembleMLLR
Y681C:F690S,-1.6007812499999998,EnsembleMLLR
Y681C:F690L,-2.951171875,EnsembleMLLR
Y681C:F690I,-4.0492187500000005,EnsembleMLLR
Y681C:E693V,-7.0861328125,EnsembleMLLR
Y681S:N698Y,-0.9123046874999998,EnsembleMLLR
Y681C:E693G,-4.89921875,EnsembleMLLR
Y681C:E693D,-4.66171875,EnsembleMLLR
Y681C:E682V,-4.621875,EnsembleMLLR
Y681C:E682K,-4.392578125,EnsembleMLLR
Y681C:E682G,-4.221484375,EnsembleMLLR
Y681C:E682D,-3.791796875,EnsembleMLLR
Y681C:D694V,-6.5099609375,EnsembleMLLR
Y681C:D694N,-5.08125,EnsembleMLLR
Y681C:D694G,-5.053515625,EnsembleMLLR
Y681C:D694E,-4.688671875,EnsembleMLLR
Y681C:A713V,-5.916552734375,EnsembleMLLR
Y681C:A713T,-6.401611328125,EnsembleMLLR
Y681C:A701V,-5.284716796875,EnsembleMLLR
Y681C:A701T,-6.833569335937501,EnsembleMLLR
Y681C:A701S,-7.375903320312499,EnsembleMLLR
Y681C:A701G,-8.632666015624999,EnsembleMLLR
Y681C:A701E,-11.523779296874999,EnsembleMLLR
Y681C:A692V,-5.734375,EnsembleMLLR
Y681C:A692T,-4.70703125,EnsembleMLLR
Y681C:A692S,-3.684765625,EnsembleMLLR
Y681C:A692E,-3.8572265625,EnsembleMLLR
Y681C,-4.494921875,EnsembleMLLR
Y681C:F690Y,-4.516015625,EnsembleMLLR
Y681C:F691I,-2.873046875,EnsembleMLLR
Y681C:F691L,-2.536328125,EnsembleMLLR
Y681C:F691S,-1.4035156249999998,EnsembleMLLR
Y681C:I703F,-9.783447265625,EnsembleMLLR
Y681C:I702V,-4.03369140625,EnsembleMLLR
Y681C:I702T,-7.62744140625,EnsembleMLLR
Y681C:I702N,-12.75458984375,EnsembleMLLR
Y681C:I702F,-8.05,EnsembleMLLR
Y681C:H685Y,-6.19296875,EnsembleMLLR
Y681C:H685R,-4.3070312500000005,EnsembleMLLR
Y681C:H685Q,-4.931640625,EnsembleMLLR
Y681C:H685L,-4.186328125,EnsembleMLLR
Y681C:H684Y,-5.830859375,EnsembleMLLR
Y681C:H684R,-4.0921875,EnsembleMLLR
Y681C:H684Q,-4.1136718750000005,EnsembleMLLR
Y681C:H684L,-3.8656249999999996,EnsembleMLLR
Y681D:I702V,0.8813964843750001,EnsembleMLLR
Y681C:G709S,-7.2074951171875,EnsembleMLLR
Y681C:G709C,-8.7455322265625,EnsembleMLLR
Y681C:G708V,-6.6234375000000005,EnsembleMLLR
Y681C:G708S,-8.30220947265625,EnsembleMLLR
Y681C:G708D,-16.24658203125,EnsembleMLLR
Y681C:G708C,-8.80933837890625,EnsembleMLLR
Y681C:G704R,-15.08122100830078,EnsembleMLLR
Y681C:G704E,-16.594262313842773,EnsembleMLLR
Y681C:G704A,-9.291117477416993,EnsembleMLLR
Y681C:G700D,-8.8955078125,EnsembleMLLR
Y681C:G700C,-14.259423828125,EnsembleMLLR
Y681C:G696S,-3.86171875,EnsembleMLLR
Y681C:G696C,-11.4470703125,EnsembleMLLR
Y681C:F691Y,-3.7898437499999997,EnsembleMLLR
Y681C:G709D,-16.0423583984375,EnsembleMLLR
Y681F:V711G,-3.4267578125,EnsembleMLLR
Y681D:N698I,-2.4103515625000003,EnsembleMLLR
Y681D:V711D,-11.4134765625,EnsembleMLLR
Y681F:N698I,-4.542578125,EnsembleMLLR
Y681F:N698D,-3.189013671875,EnsembleMLLR
Y681F:M706V,1.4351562500000001,EnsembleMLLR
Y681F:M706T,-2.192578125,EnsembleMLLR
Y681F:M706L,3.7880065917968753,EnsembleMLLR
Y681F:M706K,-8.66953125,EnsembleMLLR
Y681F:M706I,1.14765625,EnsembleMLLR
Y681F:L705P,-9.762060546875,EnsembleMLLR
Y681F:L705H,-12.90911865234375,EnsembleMLLR
Y681F:L705F,-4.286328125,EnsembleMLLR
Y681F:L688W,-3.8125,EnsembleMLLR
Y681F:L688S,1.961328125,EnsembleMLLR
Y681F:L688M,-0.76796875,EnsembleMLLR
Y681F:L688F,-1.393359375,EnsembleMLLR
Y681F:K699R,0.72421875,EnsembleMLLR
Y681F:K699N,-2.3251953125,EnsembleMLLR
Y681F:K699I,-3.82734375,EnsembleMLLR
Y681F:K699E,-4.425976562500001,EnsembleMLLR
Y681F:K687T,-0.096875,EnsembleMLLR
Y681F:K687R,0.112890625,EnsembleMLLR
Y681F:K687N,0.200390625,EnsembleMLLR
Y681F:K687I,-1.2242187500000001,EnsembleMLLR
Y681F:K687E,0.8097656249999999,EnsembleMLLR
Y681F:I712V,1.03076171875,EnsembleMLLR
Y681F:I712T,-3.3490234374999996,EnsembleMLLR
Y681F:I712M,-0.9529296875,EnsembleMLLR
Y681F:I712L,1.44658203125,EnsembleMLLR
Y681F:N698S,-0.30917968749999997,EnsembleMLLR
Y681F:I712K,-11.612890624999999,EnsembleMLLR
Y681F:N698T,-1.56494140625,EnsembleMLLR
Y681F:Q686H,-0.2515625,EnsembleMLLR
Y681F:V711A,0.763916015625,EnsembleMLLR
Y681F:V710I,-0.8352539062500001,EnsembleMLLR
Y681F:V710D,-13.70224609375,EnsembleMLLR
Y681F:V710A,-0.60546875,EnsembleMLLR
Y681F:V707M,-2.6072265624999997,EnsembleMLLR
Y681F:V707E,-11.4827880859375,EnsembleMLLR
Y681F:V707A,-1.95625,EnsembleMLLR
Y681F:V695M,-1.12890625,EnsembleMLLR
Y681F:V695G,1.5949218749999998,EnsembleMLLR
Y681F:V695E,1.5087890625,EnsembleMLLR
Y681F:V695A,0.708984375,EnsembleMLLR
Y681F:V689M,-1.1769531249999998,EnsembleMLLR
Y681F:V689G,1.692578125,EnsembleMLLR
Y681F:V689E,0.716796875,EnsembleMLLR
Y681F:V689A,1.5226562499999998,EnsembleMLLR
Y681F:V683I,-0.636328125,EnsembleMLLR
Y681F:V683F,-1.78984375,EnsembleMLLR
Y681F:V683D,0.391015625,EnsembleMLLR
Y681F:V683A,0.26640625,EnsembleMLLR
Y681F:S697T,-0.6919921875,EnsembleMLLR
Y681F:S697P,-1.3337890625,EnsembleMLLR
Y681F:S697L,-1.08984375,EnsembleMLLR
Y681F:S697A,-0.5105468750000001,EnsembleMLLR
Y681F:Q686R,0.08906250000000002,EnsembleMLLR
Y681F:Q686P,0.033203125,EnsembleMLLR
Y681F:Q686L,-0.9890625000000001,EnsembleMLLR
Y681F:Q686K,0.216796875,EnsembleMLLR
Y681F:N698Y,-3.76611328125,EnsembleMLLR
Y681F:I703V,-0.876318359375,EnsembleMLLR
Y681F:I703T,-4.248046875,EnsembleMLLR
Y681F:I703N,-11.929345703125,EnsembleMLLR
Y681F:F691L,1.831640625,EnsembleMLLR
Y681F:F691I,1.3046875,EnsembleMLLR
Y681F:F690Y,0.405078125,EnsembleMLLR
Y681F:F690S,3.4349609375,EnsembleMLLR
Y681F:F690L,1.63671875,EnsembleMLLR
Y681F:F690I,0.976953125,EnsembleMLLR
Y681F:E693V,-1.516796875,EnsembleMLLR
Y681F:E693G,-0.605859375,EnsembleMLLR
Y681F:E693D,0.010351562499999994,EnsembleMLLR
Y681F:E682V,-0.158203125,EnsembleMLLR
Y681F:E682K,-0.437890625,EnsembleMLLR
Y681F:E682G,-0.03125,EnsembleMLLR
Y681F:E682D,0.12578125,EnsembleMLLR
Y681F:D694V,-1.5974609375,EnsembleMLLR
Y681F:D694G,-0.5322265625,EnsembleMLLR
Y681F:D694E,0.047265625000000006,EnsembleMLLR
Y681F:A713V,-1.1612792968749999,EnsembleMLLR
Y681F:A713T,-2.67216796875,EnsembleMLLR
Y681F:A713S,-3.3025146484375,EnsembleMLLR
Y681F:A713E,-12.5169921875,EnsembleMLLR
Y681F:A701V,-1.472802734375,EnsembleMLLR
Y681F:A701T,-2.0045898437500003,EnsembleMLLR
Y681F:A692V,-0.744140625,EnsembleMLLR
Y681F:A692T,-0.0546875,EnsembleMLLR
Y681F:A692S,0.534375,EnsembleMLLR
Y681F:A692E,0.5787109375,EnsembleMLLR
Y681F,0.01171875,EnsembleMLLR
Y681F:F691S,3.1671875000000003,EnsembleMLLR
Y681F:F691V,2.60859375,EnsembleMLLR
Y681F:F691Y,0.42695312500000004,EnsembleMLLR
Y681F:G696C,-6.556640625,EnsembleMLLR
Y681F:I703F,-5.0641845703124995,EnsembleMLLR
Y681F:I702V,-0.471484375,EnsembleMLLR
Y681F:I702T,-3.7162109375,EnsembleMLLR
Y681F:I702N,-7.97998046875,EnsembleMLLR
Y681F:I702F,-3.2900390625,EnsembleMLLR
Y681F:H685Y,-1.5726562499999999,EnsembleMLLR
Y681F:H685R,0.315625,EnsembleMLLR
Y681F:H685Q,0.453125,EnsembleMLLR
Y681F:H685N,0.194140625,EnsembleMLLR
Y681F:H685L,-0.384375,EnsembleMLLR
Y681F:H684Y,-1.07109375,EnsembleMLLR
Y681F:H684R,0.35859375000000004,EnsembleMLLR
Y681F:H684Q,0.41953124999999997,EnsembleMLLR
Y681D:Q686H,1.583203125,EnsembleMLLR
Y681F:H684L,0.24062499999999998,EnsembleMLLR
Y681F:G709D,-10.312548828125,EnsembleMLLR
Y681F:G709C,-3.36181640625,EnsembleMLLR
Y681F:G708V,-1.86142578125,EnsembleMLLR
Y681F:G708S,-2.4577148437500003,EnsembleMLLR
Y681F:G708R,-11.0785400390625,EnsembleMLLR
Y681F:G708D,-11.740039062500001,EnsembleMLLR
Y681F:G708C,-3.631396484375,EnsembleMLLR
Y681F:G704R,-12.033291625976561,EnsembleMLLR
Y681F:G704E,-11.93597412109375,EnsembleMLLR
Y681F:G700D,-4.718115234375,EnsembleMLLR
Y681F:G700C,-9.939453125,EnsembleMLLR
Y681F:G696S,0.6650390625,EnsembleMLLR
Y681F:G696D,-0.555859375,EnsembleMLLR
Y681F:G709S,-3.61668701171875,EnsembleMLLR
E682V,-0.223828125,EnsembleMLLR
E682V:A692E,0.2853515625,EnsembleMLLR
E682A:V683D,0.16855468750000002,EnsembleMLLR
E682D:N698S,-0.12880859375,EnsembleMLLR
E682D:N698K,-2.66064453125,EnsembleMLLR
E682D:N698I,-4.26796875,EnsembleMLLR
E682D:N698H,-2.187646484375,EnsembleMLLR
E682D:N698D,-3.07138671875,EnsembleMLLR
E682D:M706V,1.658984375,EnsembleMLLR
E682D:M706T,-1.6636718750000001,EnsembleMLLR
E682D:N698T,-1.867626953125,EnsembleMLLR
E682D:M706R,-8.286328125,EnsembleMLLR
E682D:M706K,-8.268749999999999,EnsembleMLLR
E682D:M706I,1.298046875,EnsembleMLLR
E682D:L705V,-3.2621826171875,EnsembleMLLR
E682D:L705R,-11.6036865234375,EnsembleMLLR
E682D:L705P,-8.9842529296875,EnsembleMLLR
E682V:A692T,-0.42500000000000004,EnsembleMLLR
E682D:L705H,-12.404217529296874,EnsembleMLLR
E682D:M706L,3.8428161621093753,EnsembleMLLR
E682D:L705F,-4.884570312499999,EnsembleMLLR
E682D:N698Y,-3.6117187499999996,EnsembleMLLR
E682D:Q686K,0.09335937500000001,EnsembleMLLR
E682D:V689L,0.12421874999999999,EnsembleMLLR
E682D:V689G,1.714453125,EnsembleMLLR
E682D:V689E,0.666015625,EnsembleMLLR
E682D:V689A,1.2580078125,EnsembleMLLR
E682D:V683I,-0.725390625,EnsembleMLLR
E682D:V683G,0.30039062499999997,EnsembleMLLR
E682D:V683F,-1.768359375,EnsembleMLLR
E682D:Q686H,-0.05390624999999999,EnsembleMLLR
E682D:V683D,0.33046875,EnsembleMLLR
E682D:S697T,-0.47910156249999997,EnsembleMLLR
E682D:S697P,-1.0466796875000002,EnsembleMLLR
E682D:S697L,-0.0830078125,EnsembleMLLR
E682D:S697A,-0.7078125000000001,EnsembleMLLR
E682D:Q686R,-0.16328125,EnsembleMLLR
E682D:Q686P,0.135546875,EnsembleMLLR
E682D:Q686L,-0.4705078125,EnsembleMLLR
E682D:V683A,0.140234375,EnsembleMLLR
E682D:L688S,2.224609375,EnsembleMLLR
E682D:L688M,-0.602734375,EnsembleMLLR
E682D:L688F,-1.425390625,EnsembleMLLR
E682D:I703F,-4.8144775390625,EnsembleMLLR
E682D:I702V,-0.46884765625,EnsembleMLLR
E682D:I702T,-3.4529296875,EnsembleMLLR
E682D:I702S,-7.26513671875,EnsembleMLLR
E682D:I702N,-8.05029296875,EnsembleMLLR
E682D:I702F,-4.0904296875,EnsembleMLLR
E682D:H685Y,-1.3914062500000002,EnsembleMLLR
E682D:I703M,-4.296728515625,EnsembleMLLR
E682D:H685R,0.228125,EnsembleMLLR
E682D:H685N,0.3640625,EnsembleMLLR
E682D:H685L,-0.015624999999999993,EnsembleMLLR
E682D:H685D,0.614453125,EnsembleMLLR
E682D:H684Y,-0.976953125,EnsembleMLLR
E682D:H684R,0.21171875,EnsembleMLLR
E682D:H684Q,0.533203125,EnsembleMLLR
E682D:H684N,0.14609375,EnsembleMLLR
E682D:H685Q,0.4634765625,EnsembleMLLR
E682D:I703N,-12.0371337890625,EnsembleMLLR
E682D:I703T,-4.82891845703125,EnsembleMLLR
E682D:I703V,-1.546435546875,EnsembleMLLR
E682D:K699T,0.033593750000000006,EnsembleMLLR
E682D:K699R,0.3701171875,EnsembleMLLR
E682D:K699Q,-1.5941406249999999,EnsembleMLLR
E682D:K699N,-2.720703125,EnsembleMLLR
E682D:K699I,-2.9765625,EnsembleMLLR
E682D:K699E,-4.056640625,EnsembleMLLR
E682D:K687T,-0.012890624999999989,EnsembleMLLR
E682D:K687R,-0.030078125,EnsembleMLLR
E682D:K687Q,0.10078125,EnsembleMLLR
E682D:K687N,0.0875,EnsembleMLLR
E682D:K687I,-1.762109375,EnsembleMLLR
E682D:K687E,0.87734375,EnsembleMLLR
E682D:I712V,0.835546875,EnsembleMLLR
E682D:I712T,-3.0871093750000003,EnsembleMLLR
E682D:I712M,-1.365234375,EnsembleMLLR
E682D:I712L,1.7958007812499999,EnsembleMLLR
E682D:I712K,-11.1712890625,EnsembleMLLR
E682D:V689M,-1.137109375,EnsembleMLLR
E682D:H684L,0.1806640625,EnsembleMLLR
E682D:V695A,0.885546875,EnsembleMLLR
E682D:V695G,1.3830078125,EnsembleMLLR
E682G:G696S,0.4880859375,EnsembleMLLR
E682G:G696R,-1.6529296875,EnsembleMLLR
E682G:G696D,-0.6189453125,EnsembleMLLR
E682G:G696C,-7.43984375,EnsembleMLLR
E682G:F691Y,0.273828125,EnsembleMLLR
E682G:F691V,2.4718750000000003,EnsembleMLLR
E682G:F691S,3.43203125,EnsembleMLLR
E682G:G696V,-1.3376953125000002,EnsembleMLLR
E682G:F691L,1.884375,EnsembleMLLR
E682G:F691C,-3.1984375000000003,EnsembleMLLR
E682G:F690Y,0.536328125,EnsembleMLLR
E682G:F690V,1.7640625,EnsembleMLLR
E682G:F690S,3.2140625,EnsembleMLLR
E682G:F690L,1.5437500000000002,EnsembleMLLR
E682G:F690I,1.00703125,EnsembleMLLR
E682G:E693V,-1.502734375,EnsembleMLLR
E682G:F691I,1.395703125,EnsembleMLLR
E682G:E693K,-1.4048828125000001,EnsembleMLLR
E682G:G700A,-1.12763671875,EnsembleMLLR
E682G:G700D,-4.72041015625,EnsembleMLLR
E682G:H684N,0.1953125,EnsembleMLLR
E682G:H684L,0.42890625,EnsembleMLLR
E682G:G709S,-3.2822998046875,EnsembleMLLR
E682G:G709R,-12.7724365234375,EnsembleMLLR
E682G:G709D,-12.226416015625,EnsembleMLLR
E682G:G709C,-4.5322509765625,EnsembleMLLR
E682G:G709A,-0.89345703125,EnsembleMLLR
E682G:G700C,-10.390283203125,EnsembleMLLR
E682G:G708V,-2.39541015625,EnsembleMLLR
E682G:G708R,-11.631506347656249,EnsembleMLLR
E682G:G708D,-11.377734375,EnsembleMLLR
E682G:G708C,-4.2316650390625,EnsembleMLLR
E682G:G704V,-8.691879272460938,EnsembleMLLR
E682G:G704R,-11.969537353515625,EnsembleMLLR
E682G:G704E,-11.776663208007813,EnsembleMLLR
E682G:G700S,-1.4285888671875,EnsembleMLLR
E682G:G708S,-4.075537109375,EnsembleMLLR
E682G:E693G,-0.699609375,EnsembleMLLR
E682G:E693D,-0.1580078125,EnsembleMLLR
E682G:D694Y,-2.790234375,EnsembleMLLR
E682D:V711F,-2.3169921875,EnsembleMLLR
E682D:V711D,-13.2763671875,EnsembleMLLR
E682D:V711A,-0.03544921875000001,EnsembleMLLR
E682D:V710L,-0.37841796875,EnsembleMLLR
E682D:V710I,-1.34775390625,EnsembleMLLR
E682D:V710G,-1.1537109375,EnsembleMLLR
E682D:V710F,-3.3294921875,EnsembleMLLR
E682D:V711G,-3.9634765625000004,EnsembleMLLR
E682D:V710D,-13.27431640625,EnsembleMLLR
E682D:V707M,-3.034765625,EnsembleMLLR
E682D:V707L,-1.66416015625,EnsembleMLLR
E682D:V707G,-5.32060546875,EnsembleMLLR
E682D:V707E,-10.537500000000001,EnsembleMLLR
E682D:V707A,-1.945166015625,EnsembleMLLR
E682D:V695M,-0.9166015625,EnsembleMLLR
E682D:V695L,0.04375000000000001,EnsembleMLLR
E682D:V710A,-0.6626953125,EnsembleMLLR
E682D:V711I,-0.979296875,EnsembleMLLR
E682D:V711L,0.11777343750000001,EnsembleMLLR
E682G,0.083203125,EnsembleMLLR
E682G:D694V,-1.6605468749999999,EnsembleMLLR
E682G:D694N,-1.0271484375,EnsembleMLLR
E682G:D694G,-0.8306640625,EnsembleMLLR
E682G:D694E,-0.025390625000000003,EnsembleMLLR
E682G:A713V,-1.501611328125,EnsembleMLLR
E682G:A713T,-2.5234375,EnsembleMLLR
E682G:A713S,-4.3130859375,EnsembleMLLR
E682G:A713E,-12.814208984375,EnsembleMLLR
E682G:A701V,-2.3401855468750004,EnsembleMLLR
E682G:A701T,-1.764013671875,EnsembleMLLR
E682G:A701S,-2.475634765625,EnsembleMLLR
E682G:A701E,-7.14990234375,EnsembleMLLR
E682G:A692V,-1.18046875,EnsembleMLLR
E682G:A692T,-0.0578125,EnsembleMLLR
E682G:A692S,0.5142578125,EnsembleMLLR
E682G:A692G,0.42363281249999996,EnsembleMLLR
E682G:A692E,0.7791015625,EnsembleMLLR
E682D:V695E,1.630859375,EnsembleMLLR
E682G:H684Q,0.434765625,EnsembleMLLR
E682D:G709V,-2.8669677734375,EnsembleMLLR
E682D:G709D,-11.61790771484375,EnsembleMLLR
E682V:H684N,-0.27187500000000003,EnsembleMLLR
E682V:H684L,0.06523437499999996,EnsembleMLLR
E682V:G709V,-3.2392333984375,EnsembleMLLR
E682V:G709S,-3.312255859375,EnsembleMLLR
E682V:G709D,-12.4833740234375,EnsembleMLLR
E682V:G709C,-3.66796875,EnsembleMLLR
E682V:G709A,-1.516357421875,EnsembleMLLR
E682V:H684Q,0.39492187500000003,EnsembleMLLR
E682V:G708V,-2.0281982421875,EnsembleMLLR
E682V:G708R,-11.169140624999999,EnsembleMLLR
E682V:G708D,-11.717578125,EnsembleMLLR
E682V:G708C,-3.74560546875,EnsembleMLLR
E682V:G708A,-0.9899658203124999,EnsembleMLLR
E682V:G704V,-7.949761199951172,EnsembleMLLR
E682V:G704R,-12.244586944580078,EnsembleMLLR
E682V:G704E,-12.092235565185547,EnsembleMLLR
E682V:G708S,-3.4202636718750004,EnsembleMLLR
E682V:G700V,-4.0228515625,EnsembleMLLR
E682V:H684R,-0.30703125,EnsembleMLLR
E682V:H685L,-0.9039062499999999,EnsembleMLLR
E682V:I712M,-0.864453125,EnsembleMLLR
E682V:I712L,0.831298828125,EnsembleMLLR
E682V:I712K,-11.847265625,EnsembleMLLR
E682V:I703V,-1.92110595703125,EnsembleMLLR
E682V:I703T,-4.4186035156250005,EnsembleMLLR
E682V:I703N,-12.752978515625,EnsembleMLLR
E682V:I703F,-5.4203125000000005,EnsembleMLLR
E682V:H684Y,-1.5609375,EnsembleMLLR
E682V:I702V,-1.02265625,EnsembleMLLR
E682V:I702N,-9.09892578125,EnsembleMLLR
E682V:I702F,-3.64052734375,EnsembleMLLR
E682V:H685Y,-2.0703125,EnsembleMLLR
E682V:H685R,-0.201953125,EnsembleMLLR
E682V:H685Q,-0.053906250000000044,EnsembleMLLR
E682V:H685P,-0.13632812500000002,EnsembleMLLR
E682V:H685N,-0.24843749999999998,EnsembleMLLR
E682V:I702T,-4.4638671875,EnsembleMLLR
E682V:G700S,-2.6908447265624997,EnsembleMLLR
E682V:G700D,-5.0404296875000005,EnsembleMLLR
E682V:G700C,-10.1681396484375,EnsembleMLLR
E682V:D694H,-1.444140625,EnsembleMLLR
E682V:D694G,-0.7369140625,EnsembleMLLR
E682V:D694E,-0.38105468750000004,EnsembleMLLR
E682V:A713V,-1.06806640625,EnsembleMLLR
E682V:A713T,-3.072900390625,EnsembleMLLR
E682V:A713S,-3.69697265625,EnsembleMLLR
E682V:A713P,-10.640454101562499,EnsembleMLLR
E682V:D694N,-1.0509765625,EnsembleMLLR
E682V:A713G,-3.6177734375,EnsembleMLLR
E682V:A701V,-1.8947265625,EnsembleMLLR
E682V:A701T,-2.825,EnsembleMLLR
E682V:A701S,-3.482177734375,EnsembleMLLR
E682V:A701P,-2.483544921875,EnsembleMLLR
E682V:A701G,-4.349365234375,EnsembleMLLR
E682V:A701E,-6.931298828125,EnsembleMLLR
E682V:A692V,-1.5519531249999998,EnsembleMLLR
E682V:A713E,-12.915771484375,EnsembleMLLR
E682V:D694V,-1.8705078125,EnsembleMLLR
E682V:D694Y,-3.1685546875,EnsembleMLLR
E682V:E693D,-0.6064453125,EnsembleMLLR
E682V:G696S,0.11308593749999996,EnsembleMLLR
E682V:G696R,-1.8058593749999998,EnsembleMLLR
E682V:G696D,-0.8365234374999999,EnsembleMLLR
E682V:G696C,-7.8673828125,EnsembleMLLR
E682V:F691Y,0.12539062499999998,EnsembleMLLR
E682V:F691V,2.4187499999999997,EnsembleMLLR
E682V:F691S,3.076171875,EnsembleMLLR
E682V:F691L,0.969140625,EnsembleMLLR
E682V:F691I,0.836328125,EnsembleMLLR
E682V:F690Y,-0.11328125,EnsembleMLLR
E682V:F690V,1.5804687499999999,EnsembleMLLR
E682V:F690S,2.937109375,EnsembleMLLR
E682V:F690L,1.145703125,EnsembleMLLR
E682V:F690I,0.646484375,EnsembleMLLR
E682V:E693V,-2.470703125,EnsembleMLLR
E682V:E693K,-1.8777343750000002,EnsembleMLLR
E682V:E693G,-0.9605468749999999,EnsembleMLLR
E682V:I712T,-3.8998046875,EnsembleMLLR
E682D:G709S,-2.49945068359375,EnsembleMLLR
E682V:I712V,0.33076171875000004,EnsembleMLLR
E682V:K687I,-1.3371093749999998,EnsembleMLLR
E682V:V710A,-0.66884765625,EnsembleMLLR
E682V:V707M,-3.55341796875,EnsembleMLLR
E682V:V707L,-2.68896484375,EnsembleMLLR
E682V:V707G,-4.614990234375,EnsembleMLLR
E682V:V707E,-11.146826171875,EnsembleMLLR
E682V:V707A,-1.9893554687500001,EnsembleMLLR
E682V:V695M,-1.50390625,EnsembleMLLR
E682V:V710D,-12.693359375,EnsembleMLLR
E682V:V695G,0.83203125,EnsembleMLLR
E682V:V695A,0.28789062500000007,EnsembleMLLR
E682V:V689M,-1.3859375,EnsembleMLLR
E682V:V689G,1.4328124999999998,EnsembleMLLR
E682V:V689E,-0.002343749999999978,EnsembleMLLR
E682V:V689A,0.9236328125,EnsembleMLLR
E682V:V683L,-0.63671875,EnsembleMLLR
E682V:V683I,-0.8152343750000001,EnsembleMLLR
E682V:V695E,1.4123046875,EnsembleMLLR
E682V:V683G,-0.28203125,EnsembleMLLR
E682V:V710F,-3.4177734375,EnsembleMLLR
E682V:V710L,-0.7853515625,EnsembleMLLR
E682D:G709C,-3.7411865234375,EnsembleMLLR
E682D:G708V,-3.47271728515625,EnsembleMLLR
E682D:G708S,-3.11474609375,EnsembleMLLR
E682D:G708D,-12.136474609375,EnsembleMLLR
E682D:G708C,-4.13720703125,EnsembleMLLR
E682D:G704V,-8.62703170776367,EnsembleMLLR
E682D:G704R,-11.669976043701173,EnsembleMLLR
E682V:V710I,-1.65869140625,EnsembleMLLR
E682D:G704E,-12.442903137207031,EnsembleMLLR
E682Y,-2.08984375,EnsembleMLLR
E682V:V711L,-0.20761718749999997,EnsembleMLLR
E682V:V711I,-1.3162109375,EnsembleMLLR
E682V:V711G,-4.50859375,EnsembleMLLR
E682V:V711F,-3.4123046875,EnsembleMLLR
E682V:V711D,-13.064257812500001,EnsembleMLLR
E682V:V711A,0.39335937499999996,EnsembleMLLR
E682D:G700S,-1.9718627929687502,EnsembleMLLR
E682V:V683F,-1.76796875,EnsembleMLLR
E682V:V683D,-0.06523437500000001,EnsembleMLLR
E682V:V683A,-0.31640625,EnsembleMLLR
E682V:L705H,-12.9435791015625,EnsembleMLLR
E682V:L705F,-4.5106689453125,EnsembleMLLR
E682V:L688W,-4.60859375,EnsembleMLLR
E682V:L688V,0.20664062499999997,EnsembleMLLR
E682V:L688S,1.205078125,EnsembleMLLR
E682V:L688M,-1.136328125,EnsembleMLLR
E682V:L688F,-1.68984375,EnsembleMLLR
E682V:L705I,-3.184063720703125,EnsembleMLLR
E682V:K699R,0.22119140624999994,EnsembleMLLR
E682V:K699N,-2.987890625,EnsembleMLLR
E682V:K699I,-3.9625,EnsembleMLLR
E682V:K699E,-4.7537109375,EnsembleMLLR
E682V:K687T,-0.26796875,EnsembleMLLR
E682V:K687R,-0.43476562500000004,EnsembleMLLR
E682V:K687Q,-0.284375,EnsembleMLLR
E682V:K687N,0.041406250000000006,EnsembleMLLR
E682V:K699Q,-2.1537109375,EnsembleMLLR
E682V:L705P,-9.298486328125,EnsembleMLLR
E682V:L705V,-3.1357696533203128,EnsembleMLLR
E682V:M706I,0.908984375,EnsembleMLLR
E682V:S697T,-1.2591796875,EnsembleMLLR
E682V:S697P,-1.7888671875,EnsembleMLLR
E682V:S697L,-1.830078125,EnsembleMLLR
E682V:S697A,-0.8455078125,EnsembleMLLR
E682V:Q686R,-0.658203125,EnsembleMLLR
E682V:Q686P,-0.39921874999999996,EnsembleMLLR
E682V:Q686L,-1.165234375,EnsembleMLLR
E682V:Q686K,-0.536328125,EnsembleMLLR
E682V:Q686H,-0.551171875,EnsembleMLLR
E682V:N698Y,-3.7923828125,EnsembleMLLR
E682V:N698S,-1.3651367187499999,EnsembleMLLR
E682V:N698I,-4.884375,EnsembleMLLR
E682V:N698D,-3.7767578125,EnsembleMLLR
E682V:M706V,0.7462890625,EnsembleMLLR
E682V:M706T,-2.7003906250000003,EnsembleMLLR
E682V:M706L,3.40040283203125,EnsembleMLLR
E682V:M706K,-8.94453125,EnsembleMLLR
E682V:K687E,0.5419921875,EnsembleMLLR
E682G:H684R,0.12890625000000003,EnsembleMLLR
E682D:L705I,-1.7674560546875,EnsembleMLLR
E682G:H685L,-0.501953125,EnsembleMLLR
E682K:V683F,-2.409375,EnsembleMLLR
E682K:V683I,-1.280859375,EnsembleMLLR
E682K:V689A,0.9751953124999999,EnsembleMLLR
E682K:V689E,-0.18671875000000004,EnsembleMLLR
E682K:V689M,-2.0199218749999996,EnsembleMLLR
E682K:V695A,0.18046875000000007,EnsembleMLLR
E682K:V695E,0.6439453125000001,EnsembleMLLR
E682K:V707A,-2.29140625,EnsembleMLLR
E682K:V707M,-3.724609375,EnsembleMLLR
E682K:V710A,-1.63662109375,EnsembleMLLR
E682K:V710D,-13.404101562500001,EnsembleMLLR
E682K:V710I,-1.81298828125,EnsembleMLLR
E682K:V683D,-0.37460937499999997,EnsembleMLLR
E682K:V711A,-0.15415039062500002,EnsembleMLLR
E682K:V711G,-3.873046875,EnsembleMLLR
E682K:V711I,-1.5167968749999998,EnsembleMLLR
E682L,-1.171484375,EnsembleMLLR
E682G:H684Y,-1.001953125,EnsembleMLLR
E682N,-0.52578125,EnsembleMLLR
E682Q,-0.671875,EnsembleMLLR
E682A,-0.06328125,EnsembleMLLR
E682A:A713G,-3.641162109375,EnsembleMLLR
E682A:F690I,0.74140625,EnsembleMLLR
E682A:F690L,1.294140625,EnsembleMLLR
E682A:G696C,-7.078125,EnsembleMLLR
E682A:G700C,-10.26611328125,EnsembleMLLR
E682K:V711D,-13.6669921875,EnsembleMLLR
E682K:V683A,-0.48164062500000004,EnsembleMLLR
E682K:S697T,-1.061328125,EnsembleMLLR
E682K:S697P,-2.1246093750000004,EnsembleMLLR
E682K:I712K,-12.013671875,EnsembleMLLR
E682K:I712L,1.04775390625,EnsembleMLLR
E682K:I712M,-1.9242187499999999,EnsembleMLLR
E682K:I712T,-3.804296875,EnsembleMLLR
E682K:I712V,0.24863281250000002,EnsembleMLLR
E682K:K687E,0.028515625000000044,EnsembleMLLR
E682K:K687I,-1.843359375,EnsembleMLLR
E682K:K687N,-0.54453125,EnsembleMLLR
E682K:K699E,-5.7650390625,EnsembleMLLR
E682K:K699I,-3.36796875,EnsembleMLLR
E682K:K699N,-3.2598632812500004,EnsembleMLLR
E682K:K699R,-0.19794921875,EnsembleMLLR
E682K:L688F,-1.9597656250000002,EnsembleMLLR
E682K:L688M,-1.197265625,EnsembleMLLR
E682K:L688S,1.1375,EnsembleMLLR
E682K:L705H,-12.655224609375,EnsembleMLLR
E682K:L705P,-9.66951904296875,EnsembleMLLR
E682K:M706I,0.3726562499999999,EnsembleMLLR
E682K:M706K,-8.9984375,EnsembleMLLR
E682K:M706L,3.228466796875,EnsembleMLLR
E682K:M706V,0.7380859375000001,EnsembleMLLR
E682K:N698D,-3.77265625,EnsembleMLLR
E682K:N698I,-5.182177734375,EnsembleMLLR
E682K:N698Y,-4.11044921875,EnsembleMLLR
E682K:Q686H,-0.6929687499999999,EnsembleMLLR
E682K:Q686L,-1.483984375,EnsembleMLLR
E682K:Q686R,-0.78125,EnsembleMLLR
E682A:G709S,-3.0099609375,EnsembleMLLR
E682A:I712V,0.70859375,EnsembleMLLR
E682A:K699R,0.010546874999999983,EnsembleMLLR
E682A:L688S,1.259765625,EnsembleMLLR
E682D:F690L,1.4470703125,EnsembleMLLR
E682D:F690S,3.5380859375,EnsembleMLLR
E682D:F690V,1.89765625,EnsembleMLLR
E682D:F690Y,0.615234375,EnsembleMLLR
E682D:F691C,-3.3693359375,EnsembleMLLR
E682D:F691I,1.19140625,EnsembleMLLR
E682D:F691L,1.6988281250000001,EnsembleMLLR
E682D:F691S,3.302734375,EnsembleMLLR
E682D:F691V,2.04375,EnsembleMLLR
E682D:F691Y,0.09999999999999999,EnsembleMLLR
E682D:G696A,-0.52109375,EnsembleMLLR
E682D:G696C,-6.6478515625,EnsembleMLLR
E682D:G696D,-0.6714843749999999,EnsembleMLLR
E682D:G696R,-1.5189453124999999,EnsembleMLLR
E682D:G696S,0.559765625,EnsembleMLLR
E682D:G696V,-1.21328125,EnsembleMLLR
E682D:G700C,-10.2152099609375,EnsembleMLLR
E682D:G700D,-4.8930419921875,EnsembleMLLR
E682T,-0.496875,EnsembleMLLR
E682R,-0.909765625,EnsembleMLLR
E682Q:V695E,0.4560546874999999,EnsembleMLLR
E682Q:Q686H,-0.915234375,EnsembleMLLR
E682Q:I712L,0.909521484375,EnsembleMLLR
E682Q:I702V,-1.352685546875,EnsembleMLLR
E682Q:F691L,0.75234375,EnsembleMLLR
E682Q:F690I,0.205078125,EnsembleMLLR
E682D:G700R,-5.2783203125,EnsembleMLLR
E682D:F690I,0.9808593750000001,EnsembleMLLR
E682K:I703V,-1.8871826171875,EnsembleMLLR
E682D:E693V,-1.88828125,EnsembleMLLR
E682D:E693D,-0.066015625,EnsembleMLLR
E682A:L705H,-13.482769775390626,EnsembleMLLR
E682A:M706K,-8.79375,EnsembleMLLR
E682A:M706V,1.536328125,EnsembleMLLR
E682A:Q686H,-0.275390625,EnsembleMLLR
E682A:V683A,0.05742187499999998,EnsembleMLLR
E682A:V707E,-11.459912109374999,EnsembleMLLR
E682A:V707M,-3.3712890625,EnsembleMLLR
E682D,0.0328125,EnsembleMLLR
E682D:A692E,0.7037109375,EnsembleMLLR
E682D:A692G,0.7556640625,EnsembleMLLR
E682D:A692S,0.48984375,EnsembleMLLR
E682D:A692T,-0.066015625,EnsembleMLLR
E682D:A692V,-0.71171875,EnsembleMLLR
E682D:A701E,-6.768505859375,EnsembleMLLR
E682D:A701P,-1.9114746093750001,EnsembleMLLR
E682D:A701S,-2.1870605468749997,EnsembleMLLR
E682D:A701T,-1.96025390625,EnsembleMLLR
E682D:A701V,-2.202880859375,EnsembleMLLR
E682D:A713E,-12.2763427734375,EnsembleMLLR
E682D:A713S,-4.092578124999999,EnsembleMLLR
E682D:A713T,-3.3091064453125,EnsembleMLLR
E682D:A713V,-0.58798828125,EnsembleMLLR
E682D:D694E,-0.13828125,EnsembleMLLR
E682D:D694G,-0.5888671875,EnsembleMLLR
E682D:D694N,-0.9304687500000001,EnsembleMLLR
E682D:D694V,-1.741015625,EnsembleMLLR
E682D:D694Y,-2.8019531250000003,EnsembleMLLR
E682D:E693G,-0.4853515625,EnsembleMLLR
E682K:I703T,-5.4275634765625,EnsembleMLLR
E682V:A692G,0.37519531250000004,EnsembleMLLR
E682K:I702T,-3.67236328125,EnsembleMLLR
E682G:M706L,3.8127685546875,EnsembleMLLR
E682G:M706K,-8.861328125,EnsembleMLLR
E682G:L705V,-3.55947265625,EnsembleMLLR
E682G:L705R,-11.558032226562501,EnsembleMLLR
E682G:L705P,-9.68896484375,EnsembleMLLR
E682G:L705I,-2.135986328125,EnsembleMLLR
E682G:L705H,-12.771289062500001,EnsembleMLLR
E682G:L705F,-4.94317626953125,EnsembleMLLR
E682G:L688W,-4.015234375,EnsembleMLLR
E682G:L688S,1.895703125,EnsembleMLLR
E682G:L688M,-0.611328125,EnsembleMLLR
E682G:L688F,-1.34375,EnsembleMLLR
E682G:K699T,-0.39140625,EnsembleMLLR
E682G:K699R,0.693408203125,EnsembleMLLR
E682G:K699Q,-1.8744140625,EnsembleMLLR
E682G:K699N,-2.3462890625,EnsembleMLLR
E682G:K699I,-2.896875,EnsembleMLLR
E682G:K699E,-4.5123046874999995,EnsembleMLLR
E682G:K687R,0.014062500000000002,EnsembleMLLR
E682G:K687Q,0.06953124999999999,EnsembleMLLR
E682G:K687N,-0.107421875,EnsembleMLLR
E682G:K687I,-1.0953125,EnsembleMLLR
E682G:K687E,0.830859375,EnsembleMLLR
E682G:I712V,0.7671875,EnsembleMLLR
E682G:I712T,-2.3845703124999997,EnsembleMLLR
E682G:I712M,-1.0542968750000001,EnsembleMLLR
E682G:I712L,1.283984375,EnsembleMLLR
E682G:M706T,-2.250390625,EnsembleMLLR
E682G:I712K,-11.766015625,EnsembleMLLR
E682G:M706V,1.4769531249999999,EnsembleMLLR
E682G:N698H,-2.28837890625,EnsembleMLLR
E682G:V695A,0.7435546875,EnsembleMLLR
E682G:V695E,1.4576171875,EnsembleMLLR
E682G:V695L,-0.423828125,EnsembleMLLR
E682K:I702V,-1.27587890625,EnsembleMLLR
E682G:V689M,-1.002734375,EnsembleMLLR
E682G:V689L,-0.491796875,EnsembleMLLR
E682G:V689G,1.902734375,EnsembleMLLR
E682G:V689E,0.815234375,EnsembleMLLR
E682G:V689A,1.6033203125000002,EnsembleMLLR
E682G:V683L,-0.363671875,EnsembleMLLR
E682G:V683I,-0.782421875,EnsembleMLLR
E682G:V683G,0.098828125,EnsembleMLLR
E682G:V683D,0.090234375,EnsembleMLLR
E682G:V683A,-0.030859374999999994,EnsembleMLLR
E682G:S697T,-1.1390624999999999,EnsembleMLLR
E682G:S697P,-1.566796875,EnsembleMLLR
E682G:S697L,0.09589843749999999,EnsembleMLLR
E682G:Q686R,-0.305078125,EnsembleMLLR
E682G:Q686P,-0.036718749999999994,EnsembleMLLR
E682G:Q686L,-0.854296875,EnsembleMLLR
E682G:Q686K,0.06171875,EnsembleMLLR
E682G:Q686H,-0.13203125,EnsembleMLLR
E682G:N698Y,-3.5021484375,EnsembleMLLR
E682G:N698T,-1.20966796875,EnsembleMLLR
E682G:N698S,-0.6933349609374999,EnsembleMLLR
E682G:N698K,-2.45859375,EnsembleMLLR
E682G:N698I,-4.692089843750001,EnsembleMLLR
E682G:N698D,-2.8833984375,EnsembleMLLR
E682G:I703V,-1.7882324218749999,EnsembleMLLR
E682G:M706I,1.2240234375,EnsembleMLLR
E682G:I703N,-12.0319091796875,EnsembleMLLR
E682K:A713V,-1.999609375,EnsembleMLLR
E682K:D694E,-0.6642578124999999,EnsembleMLLR
E682K:D694G,-1.1173828124999998,EnsembleMLLR
E682K:E693D,-0.653125,EnsembleMLLR
E682K:F690I,0.27851562500000004,EnsembleMLLR
E682K:F690L,0.9332031249999999,EnsembleMLLR
E682K:F690Y,-0.04335937499999998,EnsembleMLLR
E682K:F691I,0.39765624999999993,EnsembleMLLR
E682K:F691L,0.9441406250000001,EnsembleMLLR
E682K:F691Y,-0.12929687499999998,EnsembleMLLR
E682K:G696C,-7.9529296875,EnsembleMLLR
E682K:G696D,-1.4630859375,EnsembleMLLR
E682K:G696S,0.267578125,EnsembleMLLR
E682K:A713T,-3.0576171875,EnsembleMLLR
E682K:G700C,-9.404638671875,EnsembleMLLR
E682K:G708C,-4.14765625,EnsembleMLLR
E682K:G708D,-12.5876708984375,EnsembleMLLR
E682K:G709C,-4.661865234375,EnsembleMLLR
E682K:G709D,-12.383087158203125,EnsembleMLLR
E682K:G709S,-3.41796875,EnsembleMLLR
E682K:H684L,-0.481640625,EnsembleMLLR
E682K:H684Q,-0.14296874999999998,EnsembleMLLR
E682K:H684R,-0.459765625,EnsembleMLLR
E682G:I703T,-5.1389892578125,EnsembleMLLR
E682K:I702F,-3.8778320312499996,EnsembleMLLR
E682K:H685R,-0.734375,EnsembleMLLR
E682K:H685Q,-0.02265624999999999,EnsembleMLLR
E682K:H685L,-1.0378906250000002,EnsembleMLLR
E682K:G700D,-5.8734375,EnsembleMLLR
E682K:A713S,-4.953369140625,EnsembleMLLR
E682K:F691S,2.6140625,EnsembleMLLR
E682K:A701T,-2.439990234375,EnsembleMLLR
E682G:I703F,-5.9908935546875,EnsembleMLLR
E682G:I702V,-0.701171875,EnsembleMLLR
E682G:I702T,-4.1251953125,EnsembleMLLR
E682G:I702N,-7.985351562499999,EnsembleMLLR
E682K:A701V,-2.2658203125,EnsembleMLLR
E682G:H685Y,-1.53828125,EnsembleMLLR
E682G:H685R,-0.19179687499999998,EnsembleMLLR
E682G:H685Q,0.3671875,EnsembleMLLR
E682G:H685N,0.24921875,EnsembleMLLR
E682G:V695M,-1.165234375,EnsembleMLLR
E682G:V707A,-2.308447265625,EnsembleMLLR
E682G:V707E,-11.407470703125,EnsembleMLLR
E682G:V707L,-2.06015625,EnsembleMLLR
E682G:V707M,-2.64169921875,EnsembleMLLR
E682G:I702F,-3.95205078125,EnsembleMLLR
E682G:V710D,-13.0029296875,EnsembleMLLR
E682K:A692E,0.2666015625,EnsembleMLLR
E682G:V710A,-0.13837890625,EnsembleMLLR
E682K:A692T,-0.763671875,EnsembleMLLR
E682K,-0.655078125,EnsembleMLLR
E682G:V711I,-0.9833984375,EnsembleMLLR
E682G:V711G,-3.7150390625,EnsembleMLLR
E682I,-1.225,EnsembleMLLR
E682G:V711D,-13.1244140625,EnsembleMLLR
E682G:V711A,0.9303222656250001,EnsembleMLLR
E682G:V710I,-1.025390625,EnsembleMLLR
E682G:V711F,-2.3683593750000003,EnsembleMLLR
V683D:K687N,0.429296875,EnsembleMLLR
V683D:K687I,-1.0550781249999999,EnsembleMLLR
V683D:K687E,0.9441406250000001,EnsembleMLLR
V683D:K687Q,0.316796875,EnsembleMLLR
V683D:I712V,0.8041015625,EnsembleMLLR
V683I:S697A,-1.4474609375,EnsembleMLLR
V683D:I712T,-2.7390624999999997,EnsembleMLLR
V683D:I712M,-0.973828125,EnsembleMLLR
V683D:I712L,1.9020019531249999,EnsembleMLLR
V683I:M706I,0.9251953125,EnsembleMLLR
V683I:N698D,-3.5816406250000004,EnsembleMLLR
V683I:M706L,3.5021057128906254,EnsembleMLLR
V683I:M706T,-2.730078125,EnsembleMLLR
V683I:M706V,0.580859375,EnsembleMLLR
V683I:N698I,-5.42939453125,EnsembleMLLR
V683I:N698S,-0.9705078125,EnsembleMLLR
V683I:N698Y,-4.85244140625,EnsembleMLLR
V683I:Q686H,-0.773046875,EnsembleMLLR
V683I:Q686K,-0.6414062500000001,EnsembleMLLR
V683I:Q686L,-1.36328125,EnsembleMLLR
V683I:Q686P,-0.6796875,EnsembleMLLR
V683I:Q686R,-0.91796875,EnsembleMLLR
V683I:S697P,-2.2845703124999996,EnsembleMLLR
V683D:K687R,0.1140625,EnsembleMLLR
V683I:M706K,-8.890625,EnsembleMLLR
V683D:K687T,0.387890625,EnsembleMLLR
V683D:Q686R,0.328125,EnsembleMLLR
V683D:K699I,-3.04296875,EnsembleMLLR
V683D:S697P,-0.9988281250000001,EnsembleMLLR
V683I:S697T,-1.28359375,EnsembleMLLR
V683D:S697L,-0.8576171874999999,EnsembleMLLR
V683D:Q686P,0.13320312499999998,EnsembleMLLR
V683D:Q686L,-0.7656249999999999,EnsembleMLLR
V683D:Q686K,0.15117187499999998,EnsembleMLLR
V683D:Q686H,0.365234375,EnsembleMLLR
V683D:Q686E,1.27109375,EnsembleMLLR
V683D:N698Y,-3.0172851562500003,EnsembleMLLR
V683D:N698T,-0.64453125,EnsembleMLLR
V683D:N698S,0.3435546875,EnsembleMLLR
V683D:N698I,-4.3201171875,EnsembleMLLR
V683D:N698D,-3.10107421875,EnsembleMLLR
V683D:K699E,-4.9158203125,EnsembleMLLR
V683D:M706V,1.128125,EnsembleMLLR
V683D:M706L,4.0408691406249995,EnsembleMLLR
V683D:M706K,-7.735546875000001,EnsembleMLLR
V683D:M706I,1.43203125,EnsembleMLLR
V683D:L705P,-9.525976562499999,EnsembleMLLR
V683D:L705I,-1.078955078125,EnsembleMLLR
V683D:L705H,-12.4683349609375,EnsembleMLLR
V683D:L705F,-4.3637756347656245,EnsembleMLLR
V683D:L688S,1.6953125,EnsembleMLLR
V683D:L688M,-0.5531250000000001,EnsembleMLLR
V683D:L688F,-1.33828125,EnsembleMLLR
V683D:K699R,0.8663085937499999,EnsembleMLLR
V683D:K699Q,-1.4894531249999998,EnsembleMLLR
V683D:K699N,-2.3986328125000003,EnsembleMLLR
V683D:M706T,-1.7210937499999999,EnsembleMLLR
V683I:V689A,1.0615234375,EnsembleMLLR
V683S,0.026171875,EnsembleMLLR
V683I:V689L,-0.987890625,EnsembleMLLR
V683L:H684R,-0.26328125,EnsembleMLLR
V683L:H685L,-0.47578125,EnsembleMLLR
V683L:I702N,-8.350292968749999,EnsembleMLLR
V683L:I702V,-1.17255859375,EnsembleMLLR
V683L:I712L,0.8044921875000001,EnsembleMLLR
V683L:I712T,-3.38125,EnsembleMLLR
V683L:K699E,-5.2259765625000005,EnsembleMLLR
V683L:K699N,-2.9630859375,EnsembleMLLR
V683L:K699R,-0.07353515625000001,EnsembleMLLR
V683L:L705H,-13.1464111328125,EnsembleMLLR
V683L:M706K,-8.578906250000001,EnsembleMLLR
V683L:N698I,-5.254296875,EnsembleMLLR
V683L:Q686H,-0.6070312499999999,EnsembleMLLR
V683L:Q686R,-0.383203125,EnsembleMLLR
V683L:S697T,-0.9056640625,EnsembleMLLR
V683L:V689M,-1.68984375,EnsembleMLLR
V683L:V695A,0.6234375,EnsembleMLLR
V683L:V695E,1.1089843750000001,EnsembleMLLR
V683L:V707M,-3.767919921875,EnsembleMLLR
V683L:V710I,-1.41513671875,EnsembleMLLR
V683L:V711A,0.34064941406250004,EnsembleMLLR
V683N,-0.528515625,EnsembleMLLR
V683P,-0.355078125,EnsembleMLLR
V683D:S697T,-0.6531250000000001,EnsembleMLLR
V683T,-0.06171875,EnsembleMLLR
V683Y,-1.1671875,EnsembleMLLR
V683D:D694N,-0.71640625,EnsembleMLLR
V683L:H684Q,0.13046874999999997,EnsembleMLLR
V683L:G709S,-4.06181640625,EnsembleMLLR
V683L:G709D,-12.286938476562499,EnsembleMLLR
V683L:G709C,-4.2345703125,EnsembleMLLR
V683I:V689M,-1.928125,EnsembleMLLR
V683I:V695A,0.07929687500000004,EnsembleMLLR
V683I:V695E,0.6103515624999999,EnsembleMLLR
V683I:V695G,0.17617187499999998,EnsembleMLLR
V683I:V695M,-1.891796875,EnsembleMLLR
V683I:V707A,-2.40732421875,EnsembleMLLR
V683I:V707E,-12.182568359374999,EnsembleMLLR
V683I:V707G,-5.995263671875,EnsembleMLLR
V683I:V707M,-3.652685546875,EnsembleMLLR
V683I:V710A,-1.57041015625,EnsembleMLLR
V683I:V710D,-14.136328125,EnsembleMLLR
V683I:V710I,-1.6330078125,EnsembleMLLR
V683I:V711A,-0.86826171875,EnsembleMLLR
V683I:V689E,-0.185546875,EnsembleMLLR
V683I:V711D,-13.673828125,EnsembleMLLR
V683L,-0.255859375,EnsembleMLLR
V683L:A701E,-6.7009765625,EnsembleMLLR
V683L:A713G,-3.276318359375,EnsembleMLLR
V683L:D694E,-0.55859375,EnsembleMLLR
V683L:E693D,-0.41953125,EnsembleMLLR
V683L:E693V,-2.0283203125,EnsembleMLLR
V683L:F690L,1.03671875,EnsembleMLLR
V683L:F690Y,0.27382812500000003,EnsembleMLLR
V683L:F691I,1.00859375,EnsembleMLLR
V683L:F691L,1.33046875,EnsembleMLLR
V683L:F691S,2.648046875,EnsembleMLLR
V683L:F691Y,-0.007031249999999989,EnsembleMLLR
V683L:G708C,-3.8669921875,EnsembleMLLR
V683I:V711I,-1.8333984375,EnsembleMLLR
V683D:V689A,1.2455078124999999,EnsembleMLLR
V683F:A701T,-3.358056640625,EnsembleMLLR
V683D:V689G,2.18125,EnsembleMLLR
V683I:D694E,-0.625390625,EnsembleMLLR
V683I:D694G,-1.51796875,EnsembleMLLR
V683I:D694N,-1.7458984375000002,EnsembleMLLR
V683I:D694V,-2.5517578125,EnsembleMLLR
V683I:E693D,-0.7833984375,EnsembleMLLR
V683I:E693G,-1.466015625,EnsembleMLLR
V683I:E693V,-2.7390625,EnsembleMLLR
V683I:F690I,0.30742187500000007,EnsembleMLLR
V683I:F690L,0.8234375,EnsembleMLLR
V683I:A713V,-2.213232421875,EnsembleMLLR
V683I:F690S,2.050390625,EnsembleMLLR
V683I:F691I,0.5472656249999999,EnsembleMLLR
V683I:F691L,0.955859375,EnsembleMLLR
V683I:F691S,2.5335937499999996,EnsembleMLLR
V683I:F691Y,-0.31875,EnsembleMLLR
V683I:G696C,-7.3224609375,EnsembleMLLR
V683I:G696D,-1.696875,EnsembleMLLR
V683I:G696S,-0.014453124999999956,EnsembleMLLR
V683I:G700C,-10.88916015625,EnsembleMLLR
V683I:G700D,-5.372216796875,EnsembleMLLR
V683I:F690Y,-0.387890625,EnsembleMLLR
V683I:G700S,-2.2571777343750004,EnsembleMLLR
V683I:A713T,-3.399560546875,EnsembleMLLR
V683I:A713E,-12.673144531250001,EnsembleMLLR
V683G:I703T,-5.541943359375,EnsembleMLLR
V683G:I703V,-1.48955078125,EnsembleMLLR
V683G:I712L,1.760009765625,EnsembleMLLR
V683G:K699N,-2.530859375,EnsembleMLLR
V683G:K699R,0.5412109375,EnsembleMLLR
V683G:L688M,-0.52109375,EnsembleMLLR
V683G:N698D,-3.19404296875,EnsembleMLLR
V683G:Q686R,0.0953125,EnsembleMLLR
V683G:S697P,-0.8732421875,EnsembleMLLR
V683I:A713S,-4.810009765625,EnsembleMLLR
V683G:V689M,-1.092578125,EnsembleMLLR
V683G:V695M,-0.701953125,EnsembleMLLR
V683G:V710D,-12.701562500000001,EnsembleMLLR
V683H,-0.481640625,EnsembleMLLR
V683I,-0.67109375,EnsembleMLLR
V683I:A692T,-0.847265625,EnsembleMLLR
V683I:A692V,-1.64140625,EnsembleMLLR
V683I:A701E,-7.927392578125,EnsembleMLLR
V683I:A701T,-2.60849609375,EnsembleMLLR
V683I:A701V,-2.0474609375,EnsembleMLLR
V683G:V695E,1.5648437499999999,EnsembleMLLR
V683G:I703N,-11.2786865234375,EnsembleMLLR
V683I:G704E,-11.922481536865234,EnsembleMLLR
V683I:G708C,-3.93662109375,EnsembleMLLR
V683I:I712M,-1.687109375,EnsembleMLLR
V683I:I712T,-3.2064453124999996,EnsembleMLLR
V683I:I712V,0.19941406250000004,EnsembleMLLR
V683I:K687E,0.10703125000000002,EnsembleMLLR
V683I:K687I,-2.21796875,EnsembleMLLR
V683I:K687N,-0.6171875,EnsembleMLLR
V683I:K687Q,-0.487109375,EnsembleMLLR
V683I:K687R,-0.758984375,EnsembleMLLR
V683I:K687T,-0.9984375,EnsembleMLLR
V683I:I712L,0.40849609375000007,EnsembleMLLR
V683I:K699E,-5.042187500000001,EnsembleMLLR
V683I:K699N,-3.5677734374999996,EnsembleMLLR
V683I:K699R,0.09023437499999998,EnsembleMLLR
V683I:L688F,-2.024609375,EnsembleMLLR
V683I:L688M,-1.326171875,EnsembleMLLR
V683I:L688S,1.0535156250000002,EnsembleMLLR
V683I:L705F,-5.30289306640625,EnsembleMLLR
V683I:L705H,-13.65968017578125,EnsembleMLLR
V683I:L705I,-1.6063232421875,EnsembleMLLR
V683I:L705P,-9.879150390625,EnsembleMLLR
V683I:K699I,-3.784765625,EnsembleMLLR
V683I:G704R,-12.31114387512207,EnsembleMLLR
V683I:I712K,-12.263085937500001,EnsembleMLLR
V683I:I703T,-5.739855957031249,EnsembleMLLR
V683I:G708D,-12.7292724609375,EnsembleMLLR
V683I:G708S,-3.456591796875,EnsembleMLLR
V683I:G708V,-2.48167724609375,EnsembleMLLR
V683I:G709C,-4.29697265625,EnsembleMLLR
V683I:G709D,-11.945947265625,EnsembleMLLR
V683I:G709S,-4.22001953125,EnsembleMLLR
V683I:H684L,-0.37812500000000004,EnsembleMLLR
V683I:H684N,-0.58203125,EnsembleMLLR
V683I:H684Q,-0.21249999999999997,EnsembleMLLR
V683I:I703V,-2.33095703125,EnsembleMLLR
V683I:H684R,-0.78125,EnsembleMLLR
V683I:H685N,-0.18710937499999997,EnsembleMLLR
V683I:H685Q,-0.42187499999999994,EnsembleMLLR
V683I:H685R,-0.501953125,EnsembleMLLR
V683I:I702F,-3.5970703124999996,EnsembleMLLR
V683I:I702N,-9.15380859375,EnsembleMLLR
V683I:I702T,-4.52900390625,EnsembleMLLR
V683I:I702V,-1.026953125,EnsembleMLLR
V683I:I703F,-5.83326416015625,EnsembleMLLR
V683I:I703N,-13.188061523437499,EnsembleMLLR
V683I:H685L,-0.725,EnsembleMLLR
V683G:I702F,-3.85517578125,EnsembleMLLR
V683G:H684Q,0.6878906250000001,EnsembleMLLR
V683G:G709S,-2.808740234375,EnsembleMLLR
V683F:D694E,-1.7609374999999998,EnsembleMLLR
V683F:D694V,-3.533203125,EnsembleMLLR
V683F:E693D,-1.723828125,EnsembleMLLR
V683F:E693V,-3.5556640625,EnsembleMLLR
V683F:F690I,-1.0023437499999999,EnsembleMLLR
V683F:F690Y,-1.5609375,EnsembleMLLR
V683F:F691I,-0.36054687500000004,EnsembleMLLR
V683F:F691L,-0.2515624999999999,EnsembleMLLR
V683F:F691S,1.234375,EnsembleMLLR
V683F:A701V,-3.626513671875,EnsembleMLLR
V683F:F691Y,-1.539453125,EnsembleMLLR
V683F:G696S,-0.9685546875,EnsembleMLLR
V683F:G700C,-10.991796875,EnsembleMLLR
V683F:G708C,-5.64990234375,EnsembleMLLR
V683F:G709C,-5.78375244140625,EnsembleMLLR
V683F:G709S,-4.3248046875,EnsembleMLLR
V683F:H684L,-1.2492187499999998,EnsembleMLLR
V683F:H684Q,-1.486328125,EnsembleMLLR
V683F:H684R,-1.7730468750000001,EnsembleMLLR
V683F:H685L,-2.139453125,EnsembleMLLR
V683F:G696C,-8.597265625,EnsembleMLLR
V683F:H685Q,-1.258984375,EnsembleMLLR
V683F:A692V,-2.355859375,EnsembleMLLR
V683F,-1.801953125,EnsembleMLLR
V683D:V689L,0.06328125000000001,EnsembleMLLR
V683D:V689M,-0.88046875,EnsembleMLLR
V683D:V695A,1.118359375,EnsembleMLLR
V683D:V695E,1.65625,EnsembleMLLR
V683D:V695L,0.017578125,EnsembleMLLR
V683D:V695M,-1.1023437500000002,EnsembleMLLR
V683D:V707A,-1.05341796875,EnsembleMLLR
V683D:V707E,-11.034619140624999,EnsembleMLLR
V683D:V707G,-4.19892578125,EnsembleMLLR
V683F:A692E,-1.1353515625,EnsembleMLLR
V683D:V707L,-1.5123046875,EnsembleMLLR
V683D:V710A,-0.42753906250000007,EnsembleMLLR
V683D:V710D,-12.81181640625,EnsembleMLLR
V683D:V710I,-0.8128906250000001,EnsembleMLLR
V683D:V711A,0.860546875,EnsembleMLLR
V683D:V711D,-12.461718750000001,EnsembleMLLR
V683D:V711F,-2.0541015625,EnsembleMLLR
V683D:V711I,-0.7287109375,EnsembleMLLR
V683D:V711L,-0.019140624999999967,EnsembleMLLR
V683E,0.5146484375,EnsembleMLLR
V683D:V707M,-2.4797851562499997,EnsembleMLLR
V683F:I702F,-5.70859375,EnsembleMLLR
V683F:I703F,-6.9795898437499995,EnsembleMLLR
V683F:I703T,-7.05380859375,EnsembleMLLR
V683F:V689A,-0.11640625000000004,EnsembleMLLR
V683F:V689E,-1.5925781250000002,EnsembleMLLR
V683F:V695A,-0.8972656250000001,EnsembleMLLR
V683F:V695E,-0.39277343750000004,EnsembleMLLR
V683F:V695G,-0.7218749999999998,EnsembleMLLR
V683F:V695M,-2.996484375,EnsembleMLLR
V683F:V707E,-12.5443359375,EnsembleMLLR
V683F:V710D,-15.46044921875,EnsembleMLLR
V683F:V711D,-14.79091796875,EnsembleMLLR
V683F:Q686R,-1.73828125,EnsembleMLLR
V683F:V711I,-2.503515625,EnsembleMLLR
V683G:D694G,-0.19726562499999997,EnsembleMLLR
V683G:E693V,-1.7271484375,EnsembleMLLR
V683G:F691I,1.23828125,EnsembleMLLR
V683G:F691L,2.13984375,EnsembleMLLR
V683G:G696R,-1.635546875,EnsembleMLLR
V683G:G708D,-11.787353515625,EnsembleMLLR
V683G:G708S,-2.5538330078125,EnsembleMLLR
V683G:G709C,-3.4420166015625,EnsembleMLLR
V683G:G709D,-11.944873046875001,EnsembleMLLR
V683G:D694E,0.19628906250000003,EnsembleMLLR
V683F:Q686L,-2.589453125,EnsembleMLLR
V683F:Q686H,-1.86875,EnsembleMLLR
V683F:N698I,-6.8130859375,EnsembleMLLR
V683F:I703V,-2.947705078125,EnsembleMLLR
V683F:I712L,0.019824218749999956,EnsembleMLLR
V683F:I712T,-4.27109375,EnsembleMLLR
V683F:I712V,-0.595703125,EnsembleMLLR
V683F:K687E,-1.1363281250000001,EnsembleMLLR
V683F:K687I,-3.471484375,EnsembleMLLR
V683F:K687N,-1.730078125,EnsembleMLLR
V683F:K687R,-1.759375,EnsembleMLLR
V683F:K699E,-5.2021484375,EnsembleMLLR
V683F:K699I,-4.835546875,EnsembleMLLR
V683F:K699N,-4.8169921875,EnsembleMLLR
V683F:K699R,-0.7372070312500001,EnsembleMLLR
V683F:L688F,-3.17265625,EnsembleMLLR
V683F:L688M,-2.33515625,EnsembleMLLR
V683F:L705F,-6.074999999999999,EnsembleMLLR
V683F:L705H,-14.95458984375,EnsembleMLLR
V683F:L705P,-11.553088378906251,EnsembleMLLR
V683F:M706I,-0.6060546875000001,EnsembleMLLR
V683F:M706K,-10.554296874999999,EnsembleMLLR
V683F:M706V,-0.980078125,EnsembleMLLR
V683F:N698D,-5.18359375,EnsembleMLLR
V683D:V689E,1.07109375,EnsembleMLLR
V683G,0.212109375,EnsembleMLLR
V683D:D694V,-1.4962890625,EnsembleMLLR
V683D:I702T,-2.84384765625,EnsembleMLLR
V683D:G700V,-3.9319335937499997,EnsembleMLLR
V683D:G704E,-11.640267753601073,EnsembleMLLR
V683D:G704R,-11.676630401611327,EnsembleMLLR
V683D:G704V,-8.579353141784667,EnsembleMLLR
V683D:G708C,-3.0947265625,EnsembleMLLR
V683D:G708D,-11.69443359375,EnsembleMLLR
V683D:G708R,-10.845361328125,EnsembleMLLR
V683D:G708S,-3.4190185546875,EnsembleMLLR
V683D:G708V,-2.7492431640625,EnsembleMLLR
V683D:G709C,-4.18756103515625,EnsembleMLLR
V683D:G709D,-11.82010498046875,EnsembleMLLR
V683D:G709S,-3.0372314453125,EnsembleMLLR
V683D:H684L,0.688671875,EnsembleMLLR
V683D:H684Q,0.55390625,EnsembleMLLR
V683D:H684R,0.5320312500000001,EnsembleMLLR
V683D:H684Y,-0.9500000000000001,EnsembleMLLR
V683D:H685D,1.016796875,EnsembleMLLR
V683A:I712K,-11.302734375,EnsembleMLLR
V683D:I712K,-10.73125,EnsembleMLLR
V683D:I703V,-0.822509765625,EnsembleMLLR
V683D:I703T,-4.275830078125,EnsembleMLLR
V683D:I703N,-11.3636962890625,EnsembleMLLR
V683D:I703F,-4.49287109375,EnsembleMLLR
V683D:G700S,-1.4810058593750002,EnsembleMLLR
V683D:I702V,0.05078125,EnsembleMLLR
V683D:I702F,-3.1287109375,EnsembleMLLR
V683D:H685Y,-1.068359375,EnsembleMLLR
V683D:H685R,0.8515625,EnsembleMLLR
V683D:H685Q,0.714453125,EnsembleMLLR
V683D:H685N,0.720703125,EnsembleMLLR
V683D:H685L,-0.21796875000000004,EnsembleMLLR
V683D:I702N,-7.38837890625,EnsembleMLLR
V683A:I712L,1.470263671875,EnsembleMLLR
V683D:G700D,-4.874267578125,EnsembleMLLR
V683D:G696V,-0.950390625,EnsembleMLLR
V683D:A701T,-1.230810546875,EnsembleMLLR
V683A:D694E,0.148828125,EnsembleMLLR
V683A:A713V,-0.5699218749999999,EnsembleMLLR
V683A:A713T,-2.29560546875,EnsembleMLLR
V683A:A713S,-4.2570068359375,EnsembleMLLR
V683A:A701V,-1.812451171875,EnsembleMLLR
V683A:A701S,-2.85068359375,EnsembleMLLR
V683A:A701G,-4.00009765625,EnsembleMLLR
V683A:A701E,-7.1254150390625,EnsembleMLLR
V683A:A692V,-0.5207031249999999,EnsembleMLLR
V683A:A692T,0.15585937500000002,EnsembleMLLR
V683A:A692E,0.6765625,EnsembleMLLR
V683A,0.053515625,EnsembleMLLR
V683D:D694Y,-2.6818359375,EnsembleMLLR
V683D:E693D,0.3419921875,EnsembleMLLR
V683D:E693G,-0.36093749999999997,EnsembleMLLR
V683D:E693V,-1.0716796875,EnsembleMLLR
V683D:G696S,1.06484375,EnsembleMLLR
V683D:G696D,-0.8205078125,EnsembleMLLR
V683D:G696C,-6.5181640625,EnsembleMLLR
V683D:F691Y,0.72578125,EnsembleMLLR
V683D:F691V,2.657421875,EnsembleMLLR
V683D:F691S,3.6099609375,EnsembleMLLR
V683D:G700C,-10.164630126953126,EnsembleMLLR
V683D:F691L,2.2019531249999997,EnsembleMLLR
V683D:F691C,-2.980859375,EnsembleMLLR
V683D:F690Y,0.15078124999999998,EnsembleMLLR
V683D:F690V,2.33984375,EnsembleMLLR
V683D:F690S,3.1755859374999997,EnsembleMLLR
V683D:F690L,1.7429687500000002,EnsembleMLLR
V683D:F690I,1.141015625,EnsembleMLLR
V683D:F691I,1.1597656250000001,EnsembleMLLR
V683D:A701V,-0.63525390625,EnsembleMLLR
V683A:I712M,-0.87578125,EnsembleMLLR
V683A:I712V,0.71484375,EnsembleMLLR
V683A:Q686R,-0.044921875,EnsembleMLLR
V683A:Q686P,0.28593749999999996,EnsembleMLLR
V683A:Q686L,-1.0578125,EnsembleMLLR
V683A:Q686K,-0.056640625,EnsembleMLLR
V683A:Q686H,-0.14531249999999998,EnsembleMLLR
V683A:N698Y,-3.19228515625,EnsembleMLLR
V683A:N698T,-0.3140625,EnsembleMLLR
V683A:N698S,0.05351562500000001,EnsembleMLLR
V683A:N698I,-4.564453125,EnsembleMLLR
V683A:N698D,-3.7045166015624997,EnsembleMLLR
V683A:K687I,-1.34609375,EnsembleMLLR
V683A:M706V,1.462890625,EnsembleMLLR
V683A:M706T,-2.343359375,EnsembleMLLR
V683A:M706L,3.99783935546875,EnsembleMLLR
V683A:M706K,-7.91875,EnsembleMLLR
V683A:M706I,1.776171875,EnsembleMLLR
V683A:L705P,-9.07724609375,EnsembleMLLR
V683A:K699E,-4.436328125,EnsembleMLLR
V683A:K687T,-0.12304687499999999,EnsembleMLLR
V683A:K687R,0.034765624999999994,EnsembleMLLR
V683A:K687Q,0.148828125,EnsembleMLLR
V683A:K687N,0.3203125,EnsembleMLLR
V683A:K699I,-2.5662109374999997,EnsembleMLLR
V683A:S697L,-1.25859375,EnsembleMLLR
V683A:K699N,-2.5128906250000003,EnsembleMLLR
V683A:L688F,-1.322265625,EnsembleMLLR
V683A:L688M,-0.515625,EnsembleMLLR
V683A:L688S,2.053125,EnsembleMLLR
V683A:L705F,-4.2555908203125,EnsembleMLLR
V683A:L705H,-11.96904296875,EnsembleMLLR
V683A:L705I,-1.4778564453125,EnsembleMLLR
V683A:K699R,0.8381835937500001,EnsembleMLLR
V683A:I712T,-3.361328125,EnsembleMLLR
V683A:S697P,-0.7087890625000001,EnsembleMLLR
V683A:V689A,1.7013671875,EnsembleMLLR
V683A:K687E,0.9171875,EnsembleMLLR
V683D:A701S,-2.39208984375,EnsembleMLLR
V683D:A701G,-3.53125,EnsembleMLLR
V683D:A701E,-5.817041015625,EnsembleMLLR
V683D:A692V,-0.48671875,EnsembleMLLR
V683D:A692T,0.15234375000000003,EnsembleMLLR
V683D:A692G,0.37109375,EnsembleMLLR
V683D:A692E,0.8624999999999999,EnsembleMLLR
V683D,0.094921875,EnsembleMLLR
V683A:V711L,0.39306640625,EnsembleMLLR
V683A:V711I,-0.8673828125,EnsembleMLLR
V683A:V711G,-3.669921875,EnsembleMLLR
V683A:V711D,-12.788671875,EnsembleMLLR
V683A:V711A,0.027685546874999994,EnsembleMLLR
V683A:V710I,-0.74130859375,EnsembleMLLR
V683A:V710D,-13.06015625,EnsembleMLLR
V683A:V710A,-0.10947265625000002,EnsembleMLLR
V683A:V689E,0.573828125,EnsembleMLLR
V683A:V689G,1.6400390625,EnsembleMLLR
V683A:V689L,-0.12851562500000002,EnsembleMLLR
V683A:V689M,-1.17109375,EnsembleMLLR
V683A:V689T,0.674609375,EnsembleMLLR
V683A:V695A,1.118359375,EnsembleMLLR
V683A:S697T,-0.8960937499999999,EnsembleMLLR
V683A:V695E,1.5552734375000001,EnsembleMLLR
V683A:V695M,-0.8898437499999999,EnsembleMLLR
V683A:V707A,-1.927734375,EnsembleMLLR
V683A:V707E,-10.98486328125,EnsembleMLLR
V683A:V707G,-5.3827148437500005,EnsembleMLLR
V683A:V707L,-1.24306640625,EnsembleMLLR
V683A:V707M,-2.47626953125,EnsembleMLLR
V683A:V695G,1.5546875,EnsembleMLLR
V683D:A713E,-12.69447021484375,EnsembleMLLR
V683A:A701T,-2.0451416015625,EnsembleMLLR
V683D:A713P,-9.077441406250001,EnsembleMLLR
V683A:G704V,-8.889945983886719,EnsembleMLLR
V683A:G708C,-3.4367431640625004,EnsembleMLLR
V683A:G708D,-11.4259033203125,EnsembleMLLR
V683A:G708S,-4.14969482421875,EnsembleMLLR
V683A:G708V,-1.155615234375,EnsembleMLLR
V683A:G709C,-4.27396240234375,EnsembleMLLR
V683A:G709D,-11.54229736328125,EnsembleMLLR
V683A:G709S,-2.6776611328125,EnsembleMLLR
V683A:H684L,0.23398437500000002,EnsembleMLLR
V683A:H684Q,0.38671875,EnsembleMLLR
V683A:H684R,0.172265625,EnsembleMLLR
V683A:H684Y,-0.9195312499999999,EnsembleMLLR
V683A:H685L,-0.47890625000000003,EnsembleMLLR
V683A:H685N,0.5289062499999999,EnsembleMLLR
V683A:H685Q,0.50546875,EnsembleMLLR
V683A:H685R,0.24648437499999998,EnsembleMLLR
V683A:H685Y,-1.4375,EnsembleMLLR
V683A:I702F,-3.7009765625,EnsembleMLLR
V683A:I702N,-8.3564453125,EnsembleMLLR
V683A:I702V,-0.21367187499999998,EnsembleMLLR
V683A:I703F,-4.870849609375,EnsembleMLLR
V683A:I703N,-12.0117431640625,EnsembleMLLR
V683A:I703T,-5.0650634765625,EnsembleMLLR
V683A:I703V,-1.0390136718749998,EnsembleMLLR
V683D:D694G,0.11250000000000004,EnsembleMLLR
V683D:D694E,0.32636718749999993,EnsembleMLLR
V683D:A713G,-3.3889648437499997,EnsembleMLLR
V683A:G704R,-11.893291091918945,EnsembleMLLR
V683A:G704E,-12.291822814941407,EnsembleMLLR
V683A:I702T,-3.3068359375,EnsembleMLLR
V683A:G700S,-1.887744140625,EnsembleMLLR
V683D:A713S,-4.468310546874999,EnsembleMLLR
V683A:G704A,-3.4829055786132814,EnsembleMLLR
V683D:A713T,-2.4759765624999996,EnsembleMLLR
V683D:A713V,-1.2210449218750001,EnsembleMLLR
V683A:D694G,-0.4908203125,EnsembleMLLR
V683A:D694N,-1.0263671875,EnsembleMLLR
V683A:E693A,-0.8318359375,EnsembleMLLR
V683A:E693D,0.047265625000000006,EnsembleMLLR
V683A:E693G,-0.5947265625,EnsembleMLLR
V683A:E693K,-1.1822265625,EnsembleMLLR
V683A:E693V,-1.98828125,EnsembleMLLR
V683A:F690C,-3.8027343749999996,EnsembleMLLR
V683A:F690I,1.1046875,EnsembleMLLR
V683A:D694V,-1.6919921875,EnsembleMLLR
V683A:F690S,3.23203125,EnsembleMLLR
V683A:G696S,0.6109375,EnsembleMLLR
V683A:G696D,0.012890625000000017,EnsembleMLLR
V683A:F690L,1.6921875,EnsembleMLLR
V683A:G700C,-9.0276611328125,EnsembleMLLR
V683A:F691Y,0.618359375,EnsembleMLLR
V683A:G700D,-4.571142578125,EnsembleMLLR
V683A:G696C,-7.332421875,EnsembleMLLR
V683A:F691S,3.08203125,EnsembleMLLR
V683A:F691L,1.775390625,EnsembleMLLR
V683A:F691I,1.055859375,EnsembleMLLR
V683A:F690Y,0.603125,EnsembleMLLR
V683A:F690V,2.000390625,EnsembleMLLR
V683A:F691V,2.6027343750000003,EnsembleMLLR
H684Q:V707M,-2.54150390625,EnsembleMLLR
H684Q:V710A,-0.31474609374999996,EnsembleMLLR
H684Q:V710D,-13.06162109375,EnsembleMLLR
H684Q:V710I,-0.60546875,EnsembleMLLR
H684Q:V710L,0.20439453125,EnsembleMLLR
H684Q:V711A,0.57998046875,EnsembleMLLR
H684Q:V711D,-12.6068359375,EnsembleMLLR
H684Q:V711F,-1.4396484374999998,EnsembleMLLR
H684Q:V711G,-3.5031250000000003,EnsembleMLLR
H684R:A692E,0.6837890625,EnsembleMLLR
H684R,-0.051953125,EnsembleMLLR
H684R:A692G,0.528515625,EnsembleMLLR
H684R:A692P,0.108203125,EnsembleMLLR
H684R:A692T,0.08671875000000001,EnsembleMLLR
H684R:A692V,-0.634765625,EnsembleMLLR
H684R:A701E,-6.348974609375,EnsembleMLLR
H684Q:V707L,-1.423583984375,EnsembleMLLR
H684R:A701S,-2.541650390625,EnsembleMLLR
H684R:A701T,-1.67685546875,EnsembleMLLR
H684Q:V711I,-0.4169921875,EnsembleMLLR
H684Q:V707E,-10.83310546875,EnsembleMLLR
H684Q:Q686R,0.451953125,EnsembleMLLR
H684Q:V695M,-0.651953125,EnsembleMLLR
H684R:A701V,-1.9642089843750001,EnsembleMLLR
H684R:I712M,-1.034375,EnsembleMLLR
H684R:I712L,1.771044921875,EnsembleMLLR
H684R:I712K,-11.836328125,EnsembleMLLR
H684R:I703V,-1.21943359375,EnsembleMLLR
H684R:I703T,-5.033935546875,EnsembleMLLR
H684R:I703N,-11.545068359375,EnsembleMLLR
H684R:I703F,-5.455126953125,EnsembleMLLR
H684Q:Q686P,0.5535156250000001,EnsembleMLLR
H684Q:V707A,-1.8466308593749998,EnsembleMLLR
H684Q:S697A,-0.3685546875,EnsembleMLLR
H684Q:S697P,-1.4591796874999998,EnsembleMLLR
H684Q:S697T,-0.326953125,EnsembleMLLR
H684Q:V689A,1.6226562500000001,EnsembleMLLR
H684Q:V689E,1.08203125,EnsembleMLLR
H684Q:V689G,2.175390625,EnsembleMLLR
H684Q:V689M,-0.9140625000000001,EnsembleMLLR
H684Q:V695A,1.041015625,EnsembleMLLR
H684Q:V695E,1.743359375,EnsembleMLLR
H684Q:V695G,1.8074218750000002,EnsembleMLLR
H684Q:S697L,-0.9599609375,EnsembleMLLR
H684R:A713E,-11.834521484375,EnsembleMLLR
H684R:G704E,-12.22528762817383,EnsembleMLLR
H684R:A713T,-2.92724609375,EnsembleMLLR
H684R:G700S,-1.4469238281249999,EnsembleMLLR
H684R:G704R,-11.34253158569336,EnsembleMLLR
H684R:G704V,-8.56409149169922,EnsembleMLLR
H684R:I702V,-0.6419921875,EnsembleMLLR
H684R:I702T,-3.62265625,EnsembleMLLR
H684R:I702N,-8.72666015625,EnsembleMLLR
H684R:I702F,-3.38515625,EnsembleMLLR
H684R:H685Y,-1.7320312500000001,EnsembleMLLR
H684R:H685R,0.213671875,EnsembleMLLR
H684R:H685Q,0.515625,EnsembleMLLR
H684R:G708C,-3.8283203125000003,EnsembleMLLR
H684R:G708D,-10.771899414062501,EnsembleMLLR
H684R:G708S,-2.4264648437500003,EnsembleMLLR
H684R:G708V,-2.6299804687500004,EnsembleMLLR
H684R:G709C,-4.580810546875,EnsembleMLLR
H684R:G709D,-11.53221435546875,EnsembleMLLR
H684R:H685N,0.63359375,EnsembleMLLR
H684R:G709S,-2.894873046875,EnsembleMLLR
H684R:G709V,-1.5318847656249999,EnsembleMLLR
H684R:H685L,-0.33515625000000004,EnsembleMLLR
H684R:I712T,-3.6357421875,EnsembleMLLR
H684R:G700D,-5.117431640625,EnsembleMLLR
H684R:A713S,-3.9096435546874995,EnsembleMLLR
H684R:G700C,-10.007739257812501,EnsembleMLLR
H684R:G696V,-1.126171875,EnsembleMLLR
H684R:A713V,-0.456201171875,EnsembleMLLR
H684R:D694E,0.0185546875,EnsembleMLLR
H684R:D694G,-0.5142578124999999,EnsembleMLLR
H684R:D694V,-1.490234375,EnsembleMLLR
H684R:E693D,0.115234375,EnsembleMLLR
H684R:E693G,-0.37089843749999996,EnsembleMLLR
H684R:E693K,-1.5328125,EnsembleMLLR
H684R:E693V,-1.5193359375,EnsembleMLLR
H684R:F690I,0.7250000000000001,EnsembleMLLR
H684R:F690L,1.5453124999999999,EnsembleMLLR
H684R:F690S,3.0808593749999997,EnsembleMLLR
H684R:F690V,2.186328125,EnsembleMLLR
H684R:F690Y,0.534375,EnsembleMLLR
H684R:F691I,1.4625000000000001,EnsembleMLLR
H684R:F691L,1.58203125,EnsembleMLLR
H684R:F691S,3.565234375,EnsembleMLLR
H684R:F691Y,0.291015625,EnsembleMLLR
H684R:G696C,-7.1015625,EnsembleMLLR
H684R:G696D,-0.49531250000000004,EnsembleMLLR
H684R:G696R,-1.590625,EnsembleMLLR
H684R:G696S,0.6861328125,EnsembleMLLR
H684R:G700A,-0.887109375,EnsembleMLLR
H684R:I712V,0.7375,EnsembleMLLR
H684Q:D694Y,-2.8041015625,EnsembleMLLR
H684R:K687I,-1.53046875,EnsembleMLLR
H684Y:G704R,-13.704360961914062,EnsembleMLLR
H684Y:G704E,-13.128816986083985,EnsembleMLLR
H684Y:G700D,-5.906494140625,EnsembleMLLR
H684Y:G700C,-11.218798828125,EnsembleMLLR
H684Y:G696A,-1.251953125,EnsembleMLLR
H684Y:F691Y,-0.6359374999999999,EnsembleMLLR
H684Y:F691S,2.2406249999999996,EnsembleMLLR
H684Y:F691L,0.4703124999999999,EnsembleMLLR
H684Y:F691I,0.14960937500000004,EnsembleMLLR
H684Y:F690Y,-0.975390625,EnsembleMLLR
H684Y:F690L,0.466796875,EnsembleMLLR
H684Y:F690I,-0.32070312499999987,EnsembleMLLR
H684Y:E693V,-2.8220703125,EnsembleMLLR
H684Y:E693G,-1.759765625,EnsembleMLLR
H684Y:E693D,-1.1822265625000001,EnsembleMLLR
H684Y:D694G,-1.7000000000000002,EnsembleMLLR
H684Y:D694E,-1.2416015624999999,EnsembleMLLR
H684Y:A713V,-3.010302734375,EnsembleMLLR
H684Y:A713S,-4.846728515625,EnsembleMLLR
H684Y:A701V,-2.282763671875,EnsembleMLLR
H684Y:A701T,-3.170947265625,EnsembleMLLR
H684Y:A701S,-4.08740234375,EnsembleMLLR
H684Y:A692T,-1.154296875,EnsembleMLLR
H684Y:G708C,-5.764208984374999,EnsembleMLLR
H684Y:A692E,-0.855078125,EnsembleMLLR
H684Y:G708D,-12.7184814453125,EnsembleMLLR
H684Y:G709C,-5.82557373046875,EnsembleMLLR
H684Y:K699E,-5.895703125,EnsembleMLLR
H684Y:K687R,-1.25390625,EnsembleMLLR
H684Y:K687N,-0.9761718750000001,EnsembleMLLR
H684Y:K687I,-3.08203125,EnsembleMLLR
H684Y:K687E,-0.378515625,EnsembleMLLR
H684Y:I712V,-0.30546875000000007,EnsembleMLLR
H684Y:I712T,-3.9994140625,EnsembleMLLR
H684Y:I712M,-2.97578125,EnsembleMLLR
H684Y:I712L,0.24033203125000013,EnsembleMLLR
H684Y:I712K,-12.267578125,EnsembleMLLR
H684Y:I703V,-2.9423828125,EnsembleMLLR
H684Y:I703T,-6.224609375,EnsembleMLLR
H684Y:I703N,-12.526123046875,EnsembleMLLR
H684Y:I703F,-6.381152343749999,EnsembleMLLR
H684Y:I702V,-1.5771484375,EnsembleMLLR
H684Y:I702T,-4.95234375,EnsembleMLLR
H684Y:I702N,-8.7421875,EnsembleMLLR
H684Y:I702F,-4.20966796875,EnsembleMLLR
H684Y:H685R,-1.11640625,EnsembleMLLR
H684Y:H685Q,-0.9062499999999999,EnsembleMLLR
H684Y:H685L,-1.6046874999999998,EnsembleMLLR
H684Y:G709S,-4.85814208984375,EnsembleMLLR
H684Y:G709D,-12.6073974609375,EnsembleMLLR
H684Y:G708V,-3.51744384765625,EnsembleMLLR
H684Y,-0.99140625,EnsembleMLLR
H684S,0.777734375,EnsembleMLLR
H684R:V711I,-0.6068359375,EnsembleMLLR
H684R:N698I,-4.21630859375,EnsembleMLLR
H684R:N698D,-3.70810546875,EnsembleMLLR
H684R:M706V,0.81328125,EnsembleMLLR
H684R:M706T,-1.952734375,EnsembleMLLR
H684R:M706L,3.6216064453125,EnsembleMLLR
H684R:M706K,-8.301953124999999,EnsembleMLLR
H684R:M706I,1.8669921875,EnsembleMLLR
H684R:L705R,-11.729516601562501,EnsembleMLLR
H684R:L705P,-9.2024658203125,EnsembleMLLR
H684R:L705I,-1.5541015624999999,EnsembleMLLR
H684R:L705H,-12.804620361328125,EnsembleMLLR
H684R:L705F,-4.6581298828125,EnsembleMLLR
H684R:L688W,-3.79375,EnsembleMLLR
H684R:L688S,1.939453125,EnsembleMLLR
H684R:L688M,-0.575,EnsembleMLLR
H684R:L688F,-1.45859375,EnsembleMLLR
H684R:K699R,0.60888671875,EnsembleMLLR
H684R:K699N,-2.93359375,EnsembleMLLR
H684R:K699I,-2.3986328125,EnsembleMLLR
H684R:K699E,-4.3962890625,EnsembleMLLR
H684R:K687R,0.037890625,EnsembleMLLR
H684R:K687Q,0.274609375,EnsembleMLLR
H684R:K687N,0.028906249999999998,EnsembleMLLR
H684R:N698S,-0.22812500000000002,EnsembleMLLR
H684R:N698Y,-3.7185546874999997,EnsembleMLLR
H684R:Q686E,0.9068359375,EnsembleMLLR
H684Q:Q686L,-0.526171875,EnsembleMLLR
H684R:V711F,-2.28203125,EnsembleMLLR
H684R:V711D,-13.2734375,EnsembleMLLR
H684R:V711A,0.8209472656250001,EnsembleMLLR
H684R:V710I,-1.20458984375,EnsembleMLLR
H684R:V710D,-12.23984375,EnsembleMLLR
H684R:V710A,-0.3484375,EnsembleMLLR
H684R:V707M,-3.222998046875,EnsembleMLLR
H684R:V707E,-11.3724609375,EnsembleMLLR
H684R:V707A,-1.694140625,EnsembleMLLR
H684R:V695M,-0.7546875000000001,EnsembleMLLR
H684R:V695L,-0.38984375000000004,EnsembleMLLR
H684R:K687E,0.915234375,EnsembleMLLR
H684R:V695E,1.3177734375,EnsembleMLLR
H684R:V689M,-1.02109375,EnsembleMLLR
H684R:V689E,0.444140625,EnsembleMLLR
H684R:V689A,1.4253906250000001,EnsembleMLLR
H684R:S697T,-0.5853515625000001,EnsembleMLLR
H684R:S697P,-1.3408203125,EnsembleMLLR
H684R:S697L,-1.0568359375,EnsembleMLLR
H684R:S697A,-0.6505859374999999,EnsembleMLLR
H684R:Q686R,0.041015625,EnsembleMLLR
H684R:Q686L,-0.62109375,EnsembleMLLR
H684R:Q686K,0.19765624999999998,EnsembleMLLR
H684R:Q686H,0.03203125,EnsembleMLLR
H684R:V695A,1.081640625,EnsembleMLLR
H684Q:Q686K,0.4515625,EnsembleMLLR
H684Q:I702N,-8.88955078125,EnsembleMLLR
H684Q:N698Y,-3.4779296875,EnsembleMLLR
H684L:N698Y,-3.8437011718750003,EnsembleMLLR
H684L:Q686H,-0.3609375,EnsembleMLLR
H684L:Q686K,0.22734375,EnsembleMLLR
H684L:Q686L,-0.44023437500000007,EnsembleMLLR
H684L:Q686P,-0.00859375,EnsembleMLLR
H684L:Q686R,0.32890625,EnsembleMLLR
H684L:S697L,0.06367187499999999,EnsembleMLLR
H684L:N698S,-0.46318359374999996,EnsembleMLLR
H684L:S697P,-1.1935546875,EnsembleMLLR
H684L:V689A,1.70263671875,EnsembleMLLR
H684L:V689E,0.7687499999999999,EnsembleMLLR
H684L:V689G,2.058203125,EnsembleMLLR
H684L:V689L,0.13007812500000002,EnsembleMLLR
H684L:V689M,-1.02109375,EnsembleMLLR
H684L:V695A,1.013671875,EnsembleMLLR
H684L:V695E,2.2501953125,EnsembleMLLR
H684L:S697T,-0.4294921875,EnsembleMLLR
H684L:V695G,1.3509765625,EnsembleMLLR
H684L:N698I,-4.798046875000001,EnsembleMLLR
H684L:M706V,1.484765625,EnsembleMLLR
H684L:K699I,-3.1541015625,EnsembleMLLR
H684L:K699N,-2.3455078124999997,EnsembleMLLR
H684L:K699R,1.31806640625,EnsembleMLLR
H684L:K699T,-0.15878906249999997,EnsembleMLLR
H684L:L688F,-1.626171875,EnsembleMLLR
H684L:L688M,-0.41953125,EnsembleMLLR
H684L:L688S,2.227734375,EnsembleMLLR
H684L:N698D,-2.751953125,EnsembleMLLR
H684L:L705F,-4.031005859375,EnsembleMLLR
H684L:L705I,-1.46171875,EnsembleMLLR
H684L:L705P,-9.318927001953126,EnsembleMLLR
H684L:L705R,-11.4095703125,EnsembleMLLR
H684L:M706I,1.958984375,EnsembleMLLR
H684L:M706K,-8.547265625,EnsembleMLLR
H684L:M706L,4.33251953125,EnsembleMLLR
H684L:M706T,-2.20078125,EnsembleMLLR
H684L:L705H,-12.359844970703126,EnsembleMLLR
H684L:V695L,0.008203124999999978,EnsembleMLLR
H684L:V695M,-1.0265625,EnsembleMLLR
H684L:V707A,-1.6166015624999999,EnsembleMLLR
H684N:D694G,-0.1912109375,EnsembleMLLR
H684N:D694Y,-3.1189453124999997,EnsembleMLLR
H684N:E693D,0.06953125,EnsembleMLLR
H684N:E693G,-0.6578125,EnsembleMLLR
H684N:E693V,-1.7068359375,EnsembleMLLR
H684N:F690I,0.7281249999999999,EnsembleMLLR
H684N:F690L,1.354296875,EnsembleMLLR
H684N:D694E,-0.0146484375,EnsembleMLLR
H684N:F690Y,0.40273437500000003,EnsembleMLLR
H684N:F691L,1.7464843749999999,EnsembleMLLR
H684N:F691S,3.0847656249999997,EnsembleMLLR
H684N:F691Y,0.356640625,EnsembleMLLR
H684N:G696D,-0.641015625,EnsembleMLLR
H684N:G700C,-9.73795166015625,EnsembleMLLR
H684N:G700D,-4.9953857421875005,EnsembleMLLR
H684N:G704E,-11.606172180175781,EnsembleMLLR
H684N:F691I,1.3199218750000001,EnsembleMLLR
H684N:A713V,-1.07421875,EnsembleMLLR
H684N:A713T,-3.1635986328125,EnsembleMLLR
H684N:A713S,-4.13212890625,EnsembleMLLR
H684L:V707E,-11.43193359375,EnsembleMLLR
H684L:V707G,-4.390380859375,EnsembleMLLR
H684L:V707L,-1.4609375,EnsembleMLLR
H684L:V707M,-2.773291015625,EnsembleMLLR
H684L:V710A,-0.4921875000000001,EnsembleMLLR
H684L:V710D,-12.545703125000001,EnsembleMLLR
H684L:V710F,-2.5792968750000003,EnsembleMLLR
H684L:V710I,-0.67421875,EnsembleMLLR
H684L:V710L,0.05634765624999999,EnsembleMLLR
H684L:V711A,0.308203125,EnsembleMLLR
H684L:V711D,-13.237890625,EnsembleMLLR
H684L:V711F,-2.1166015625,EnsembleMLLR
H684L:V711I,-0.7203125,EnsembleMLLR
H684L:V711L,0.39482421875,EnsembleMLLR
H684N,-0.021875,EnsembleMLLR
H684N:A692T,-0.14765625000000002,EnsembleMLLR
H684N:A701V,-1.779443359375,EnsembleMLLR
H684L:K699E,-4.49921875,EnsembleMLLR
H684N:G708C,-3.78857421875,EnsembleMLLR
H684L:K687T,0.384375,EnsembleMLLR
H684L:K687Q,0.685546875,EnsembleMLLR
H684L:G700D,-5.02080078125,EnsembleMLLR
H684L:G700C,-9.56376953125,EnsembleMLLR
H684L:G700A,-0.707373046875,EnsembleMLLR
H684L:G696S,0.75,EnsembleMLLR
H684L:G696D,-0.9001953125000001,EnsembleMLLR
H684L:G696C,-6.4083984375,EnsembleMLLR
H684L:F691Y,0.587890625,EnsembleMLLR
H684L:G704E,-12.122232055664062,EnsembleMLLR
H684L:F691S,3.023046875,EnsembleMLLR
H684L:F691I,1.2710937500000001,EnsembleMLLR
H684L:F691C,-2.88046875,EnsembleMLLR
H684L:F690Y,0.62421875,EnsembleMLLR
H684L:F690V,2.159765625,EnsembleMLLR
H684L:F690S,3.4927734375,EnsembleMLLR
H684L:F690L,1.562109375,EnsembleMLLR
H684L:F690I,1.155859375,EnsembleMLLR
H684L:F691L,1.8199218750000001,EnsembleMLLR
H684L:E693V,-1.02109375,EnsembleMLLR
H684L:G704R,-11.903430175781251,EnsembleMLLR
H684L:G708C,-3.482666015625,EnsembleMLLR
H684L:I703F,-4.3006835937500005,EnsembleMLLR
H684L:I702V,-0.2892578125,EnsembleMLLR
H684L:I702T,-3.6838867187499997,EnsembleMLLR
H684L:I702N,-7.74580078125,EnsembleMLLR
H684L:I702F,-3.31025390625,EnsembleMLLR
H684L:H685Y,-1.459375,EnsembleMLLR
H684L:H685R,0.402734375,EnsembleMLLR
H684L:G704V,-8.141451263427735,EnsembleMLLR
H684L:H685Q,0.5109375,EnsembleMLLR
H684L:H685L,-0.13320312499999998,EnsembleMLLR
H684L:G709S,-2.4395263671875,EnsembleMLLR
H684L:G709D,-10.724365234375,EnsembleMLLR
H684L:G709C,-3.5383789062499997,EnsembleMLLR
H684L:G708V,-1.2109130859375,EnsembleMLLR
H684L:G708S,-2.903759765625,EnsembleMLLR
H684L:G708D,-11.908764648437499,EnsembleMLLR
H684L:H685N,0.63984375,EnsembleMLLR
H684L:E693K,-1.401953125,EnsembleMLLR
H684L:E693G,-0.83515625,EnsembleMLLR
H684L:E693D,-0.1138671875,EnsembleMLLR
H684F,-1.61953125,EnsembleMLLR
H684D:I703F,-4.3568603515625,EnsembleMLLR
H684D:I702S,-4.5033203125,EnsembleMLLR
H684D:F690L,2.29296875,EnsembleMLLR
H684D,0.362890625,EnsembleMLLR
H684C,-5.45078125,EnsembleMLLR
H684L:I703V,-0.8209228515625,EnsembleMLLR
H684I,-0.287109375,EnsembleMLLR
H684L:I712K,-11.654882812499999,EnsembleMLLR
H684L:I712M,-0.9421875,EnsembleMLLR
H684L:I712R,-10.8712890625,EnsembleMLLR
H684L:I712T,-3.763671875,EnsembleMLLR
H684L:I712V,1.04609375,EnsembleMLLR
H684L:K687E,0.857421875,EnsembleMLLR
H684L:K687I,-1.6671874999999998,EnsembleMLLR
H684L:K687N,0.31171875,EnsembleMLLR
H684L:I712L,1.2784179687500001,EnsembleMLLR
H684K,0.50703125,EnsembleMLLR
H684L,0.2828125,EnsembleMLLR
H684L:A692E,0.8837890625,EnsembleMLLR
H684L:D694Y,-2.3123046875,EnsembleMLLR
H684L:D694V,-1.88359375,EnsembleMLLR
H684L:D694N,-0.6148437499999999,EnsembleMLLR
H684L:D694G,-0.628125,EnsembleMLLR
H684L:D694E,0.07890625,EnsembleMLLR
H684L:A713V,-1.3017578125,EnsembleMLLR
H684L:A713T,-3.09130859375,EnsembleMLLR
H684L:A713S,-4.0427490234375,EnsembleMLLR
H684L:A713G,-3.561669921875,EnsembleMLLR
H684L:A713E,-12.404296875,EnsembleMLLR
H684L:A701V,-1.456103515625,EnsembleMLLR
H684L:A701T,-1.5162109375000001,EnsembleMLLR
H684L:A701S,-2.2739746093749997,EnsembleMLLR
H684L:A701E,-7.016455078125,EnsembleMLLR
H684L:A692V,-0.805859375,EnsembleMLLR
H684L:A692T,-0.19375,EnsembleMLLR
H684L:A692S,0.67109375,EnsembleMLLR
H684L:K687R,0.45703125,EnsembleMLLR
H684Q:Q686H,0.2734375,EnsembleMLLR
H684N:G708D,-11.160791015625,EnsembleMLLR
H684N:G709D,-11.632177734375,EnsembleMLLR
H684Q:G700R,-4.5957763671875,EnsembleMLLR
H684Q:G700S,-1.1950195312499998,EnsembleMLLR
H684Q:G704E,-11.752587127685548,EnsembleMLLR
H684Q:G704R,-11.5722900390625,EnsembleMLLR
H684Q:G704V,-8.381419372558593,EnsembleMLLR
H684Q:G708C,-3.6283203125,EnsembleMLLR
H684Q:G708D,-11.0087890625,EnsembleMLLR
H684Q:G700D,-4.3575195312499995,EnsembleMLLR
H684Q:G708S,-3.824462890625,EnsembleMLLR
H684Q:G709C,-3.1434814453125,EnsembleMLLR
H684Q:G709D,-11.03701171875,EnsembleMLLR
H684Q:G709S,-2.64775390625,EnsembleMLLR
H684Q:H685L,-0.11484374999999997,EnsembleMLLR
H684Q:H685P,0.791015625,EnsembleMLLR
H684Q:H685Q,0.6578124999999999,EnsembleMLLR
H684Q:H685R,0.480859375,EnsembleMLLR
H684Q:G708V,-1.0768554687499998,EnsembleMLLR
H684Q:H685Y,-1.201953125,EnsembleMLLR
H684Q:G700C,-10.10699462890625,EnsembleMLLR
H684Q:G696D,0.05117187500000003,EnsembleMLLR
H684Q:D694V,-1.499609375,EnsembleMLLR
H684Q:E693D,0.19062500000000002,EnsembleMLLR
H684Q:E693G,-0.38671875,EnsembleMLLR
H684Q:E693K,-1.1427734375,EnsembleMLLR
H684Q:E693V,-1.6617187500000001,EnsembleMLLR
H684Q:F690I,1.155078125,EnsembleMLLR
H684Q:F690L,1.7390625000000002,EnsembleMLLR
H684Q:G696S,1.0171875,EnsembleMLLR
H684Q:F690S,3.7021484375,EnsembleMLLR
H684Q:F690Y,1.093359375,EnsembleMLLR
H684Q:F691I,1.468359375,EnsembleMLLR
H684Q:F691L,1.906640625,EnsembleMLLR
H684Q:F691S,3.493359375,EnsembleMLLR
H684Q:F691V,2.7996093749999997,EnsembleMLLR
H684Q:F691Y,0.832421875,EnsembleMLLR
H684Q:G696C,-7.2509765625,EnsembleMLLR
H684Q:F690V,2.15390625,EnsembleMLLR
H684Q:I702F,-2.95615234375,EnsembleMLLR
H684Y:K699I,-5.3103515625,EnsembleMLLR
H684Q:I702T,-3.15517578125,EnsembleMLLR
H684Q:L688F,-0.9191406249999999,EnsembleMLLR
H684Q:L688M,-0.27421874999999996,EnsembleMLLR
H684Q:L688S,2.284765625,EnsembleMLLR
H684Q:L705F,-3.9658447265624996,EnsembleMLLR
H684Q:L705H,-12.74031982421875,EnsembleMLLR
H684Q:L705P,-9.42030029296875,EnsembleMLLR
H684Q:L705V,-2.0178955078125,EnsembleMLLR
H684Q:K699R,0.9560546875,EnsembleMLLR
H684Q:M706I,1.9962890625,EnsembleMLLR
H684Q:M706L,3.7658203125000003,EnsembleMLLR
H684Q:M706T,-1.2242187500000001,EnsembleMLLR
H684Q:M706V,1.9255859375,EnsembleMLLR
H684Q:N698D,-2.50576171875,EnsembleMLLR
H684Q:N698I,-3.5330078124999997,EnsembleMLLR
H684Q:N698S,-0.98115234375,EnsembleMLLR
H684Q:N698T,-0.60771484375,EnsembleMLLR
H684Q:M706K,-7.902734375,EnsembleMLLR
H684Q:K699Q,-0.9171875,EnsembleMLLR
H684Q:K699N,-2.11328125,EnsembleMLLR
H684Q:K699I,-3.4392578124999997,EnsembleMLLR
H684Q:I702V,-0.38574218749999994,EnsembleMLLR
H684Q:I703F,-5.6015625,EnsembleMLLR
H684Q:I703N,-11.677734375,EnsembleMLLR
H684Q:I703T,-4.959912109375,EnsembleMLLR
H684Q:I703V,-0.6777099609375001,EnsembleMLLR
H684Q:I712K,-11.676367187499999,EnsembleMLLR
H684Q:I712L,1.605859375,EnsembleMLLR
H684Q:I712M,-0.5941406250000001,EnsembleMLLR
H684Q:I712T,-3.0345703125,EnsembleMLLR
H684Q:I712V,1.18203125,EnsembleMLLR
H684Q:K687E,1.2,EnsembleMLLR
H684Q:K687I,-1.277734375,EnsembleMLLR
H684Q:K687N,0.272265625,EnsembleMLLR
H684Q:K687Q,0.673046875,EnsembleMLLR
H684Q:K687R,0.29648437499999997,EnsembleMLLR
H684Q:K687T,0.30351562499999996,EnsembleMLLR
H684Q:K699E,-4.4228515625,EnsembleMLLR
H684Q:D694N,-0.5740234375,EnsembleMLLR
H684N:G709C,-4.0083740234375,EnsembleMLLR
H684Q:D694G,-0.26640625,EnsembleMLLR
H684Q:A713V,-1.056201171875,EnsembleMLLR
H684N:K699I,-3.1500000000000004,EnsembleMLLR
H684N:K699N,-2.8263671875,EnsembleMLLR
H684N:K699Q,-1.6261718749999998,EnsembleMLLR
H684N:K699R,0.241015625,EnsembleMLLR
H684N:L688M,-0.551953125,EnsembleMLLR
H684N:L688S,1.559375,EnsembleMLLR
H684N:L705H,-12.3369140625,EnsembleMLLR
H684N:K699E,-4.2015625,EnsembleMLLR
H684N:L705P,-9.39583740234375,EnsembleMLLR
H684N:M706K,-8.378125,EnsembleMLLR
H684N:M706L,4.2219970703125,EnsembleMLLR
H684N:M706V,1.9607421875,EnsembleMLLR
H684N:N698D,-1.96884765625,EnsembleMLLR
H684N:N698I,-4.741894531250001,EnsembleMLLR
H684N:N698Y,-3.05419921875,EnsembleMLLR
H684N:Q686H,-0.11523437500000001,EnsembleMLLR
H684N:M706I,1.31484375,EnsembleMLLR
H684N:Q686L,-0.86484375,EnsembleMLLR
H684N:K687R,0.20468750000000002,EnsembleMLLR
H684N:K687I,-1.3984375,EnsembleMLLR
H684N:G709S,-3.11025390625,EnsembleMLLR
H684N:H685L,0.012499999999999997,EnsembleMLLR
H684N:H685N,0.6203125,EnsembleMLLR
H684N:H685Q,0.64765625,EnsembleMLLR
H684N:H685R,-0.0984375,EnsembleMLLR
H684N:H685Y,-1.545703125,EnsembleMLLR
H684N:I702F,-3.6927734375,EnsembleMLLR
H684N:K687N,0.12617187500000002,EnsembleMLLR
H684N:I702N,-7.76162109375,EnsembleMLLR
H684N:I702V,-0.16601562499999997,EnsembleMLLR
H684N:I703F,-5.228930664062499,EnsembleMLLR
H684N:I703V,-1.2073974609375,EnsembleMLLR
H684N:I712K,-11.7068359375,EnsembleMLLR
H684N:I712L,1.4520507812499999,EnsembleMLLR
H684N:I712V,0.740234375,EnsembleMLLR
H684N:K687E,0.688671875,EnsembleMLLR
H684N:I702T,-3.2859375,EnsembleMLLR
H684N:Q686R,-0.08359375,EnsembleMLLR
H684N:S697L,-0.8287109375,EnsembleMLLR
H684N:S697P,-1.5251953125000002,EnsembleMLLR
H684P:M706K,-8.075390624999999,EnsembleMLLR
H684P:V707E,-11.100195312499999,EnsembleMLLR
H684Q,0.393359375,EnsembleMLLR
H684Q:A692E,0.9078124999999999,EnsembleMLLR
H684Q:A692G,1.2693359375,EnsembleMLLR
H684Q:A692S,0.8082031249999999,EnsembleMLLR
H684Q:A692T,0.134765625,EnsembleMLLR
H684P:L705F,-4.0101562500000005,EnsembleMLLR
H684Q:A692V,-0.18359375000000006,EnsembleMLLR
H684Q:A701G,-3.50498046875,EnsembleMLLR
H684Q:A701S,-2.188330078125,EnsembleMLLR
H684Q:A701T,-2.0221435546875,EnsembleMLLR
H684Q:A701V,-1.210498046875,EnsembleMLLR
H684Q:A713E,-11.4611328125,EnsembleMLLR
H684Q:A713S,-4.130615234375,EnsembleMLLR
H684Q:A713T,-2.14619140625,EnsembleMLLR
H684Q:A701E,-6.7505859375,EnsembleMLLR
H684P:K699R,1.36357421875,EnsembleMLLR
H684P:G709S,-2.9771484375,EnsembleMLLR
H684P:F691Y,0.848046875,EnsembleMLLR
H684N:S697T,-0.5876953125000001,EnsembleMLLR
H684N:V689A,1.3767578125,EnsembleMLLR
H684N:V689E,0.151171875,EnsembleMLLR
H684N:V689M,-1.1164062499999998,EnsembleMLLR
H684N:V695A,0.8894531250000001,EnsembleMLLR
H684N:V695E,1.3550781250000001,EnsembleMLLR
H684N:V707A,-1.848046875,EnsembleMLLR
H684N:V707E,-10.852880859375,EnsembleMLLR
H684N:V707M,-2.62333984375,EnsembleMLLR
H684N:V710A,-0.83056640625,EnsembleMLLR
H684N:V710D,-12.66337890625,EnsembleMLLR
H684N:V711A,1.55078125,EnsembleMLLR
H684N:V711D,-12.769921875,EnsembleMLLR
H684N:V711I,-0.91328125,EnsembleMLLR
H684P,0.44765625,EnsembleMLLR
H684P:A701V,-0.97587890625,EnsembleMLLR
H684P:F690L,1.863671875,EnsembleMLLR
H684Q:D694E,0.22539062499999998,EnsembleMLLR
H684Y:K699N,-3.9416015625000003,EnsembleMLLR
H684L:I703T,-4.9650390625,EnsembleMLLR
H684Y:L688F,-2.398046875,EnsembleMLLR
H684Y:V689A,0.65234375,EnsembleMLLR
H684Y:V689E,-0.43281250000000004,EnsembleMLLR
H684Y:V689M,-2.38203125,EnsembleMLLR
H684Y:V695A,-0.565234375,EnsembleMLLR
H684Y:V695E,0.4148437500000002,EnsembleMLLR
H684Y:V695M,-2.108203125,EnsembleMLLR
H684Y:V707A,-2.861376953125,EnsembleMLLR
H684Y:S697T,-1.8386718750000002,EnsembleMLLR
H684Y:V707E,-13.00234375,EnsembleMLLR
H684Y:V710A,-0.7314453125,EnsembleMLLR
H684Y:V710D,-13.734375,EnsembleMLLR
H684Y:V710I,-2.065625,EnsembleMLLR
H684Y:V711D,-13.85849609375,EnsembleMLLR
H684Y:V711G,-4.510058593749999,EnsembleMLLR
H684Y:K699R,-0.7049804687500001,EnsembleMLLR
H684L:I703N,-11.250341796874999,EnsembleMLLR
H684Y:V707M,-4.1251953125,EnsembleMLLR
H684Y:S697P,-2.8697265625000004,EnsembleMLLR
H684Y:V711I,-2.378125,EnsembleMLLR
H684Y:Q686R,-1.244140625,EnsembleMLLR
H684Y:L688S,0.24296874999999996,EnsembleMLLR
H684Y:L705F,-6.1520751953125,EnsembleMLLR
H684Y:L705H,-14.46842041015625,EnsembleMLLR
H684Y:L705P,-10.974676513671874,EnsembleMLLR
H684Y:S697L,-2.579296875,EnsembleMLLR
H684Y:M706K,-9.9546875,EnsembleMLLR
H684Y:M706L,3.145806884765625,EnsembleMLLR
H684Y:M706I,0.1402343749999999,EnsembleMLLR
H684Y:M706V,0.4737304687499999,EnsembleMLLR
H684Y:N698D,-4.606982421875,EnsembleMLLR
H684Y:N698I,-4.50390625,EnsembleMLLR
H684Y:N698Y,-4.548291015625001,EnsembleMLLR
H684Y:Q686H,-1.59609375,EnsembleMLLR
H684Y:Q686L,-2.06796875,EnsembleMLLR
H684Y:Q686P,-1.062890625,EnsembleMLLR
H684Y:M706T,-2.911328125,EnsembleMLLR
H684Y:L688M,-1.66015625,EnsembleMLLR
H685R:A701S,-2.35166015625,EnsembleMLLR
H685R:A701T,-2.08486328125,EnsembleMLLR
H685R:A701V,-1.180517578125,EnsembleMLLR
H685R:A713E,-12.135888671875,EnsembleMLLR
H685R:A713P,-9.07490234375,EnsembleMLLR
H685R:D694Y,-2.646484375,EnsembleMLLR
H685R:A713T,-3.1472900390625003,EnsembleMLLR
H685R:A713V,-0.9622558593749999,EnsembleMLLR
H685R:D694E,0.09042968750000001,EnsembleMLLR
H685R:D694G,-0.3400390625,EnsembleMLLR
H685R:D694N,-0.7658203124999999,EnsembleMLLR
H685R:D694V,-1.6150390625,EnsembleMLLR
H685R:E693D,-0.02968749999999999,EnsembleMLLR
H685R:A713S,-4.237890625,EnsembleMLLR
H685R:A701E,-6.1564453125,EnsembleMLLR
H685Q:V711D,-12.437109375,EnsembleMLLR
H685R:A692T,0.14140625,EnsembleMLLR
H685R:E693G,-0.4873046875,EnsembleMLLR
H685Q:V707E,-11.361181640625,EnsembleMLLR
H685Q:V707L,-0.94296875,EnsembleMLLR
H685Q:V707M,-2.7834960937499997,EnsembleMLLR
H685Q:V710A,0.06953125000000002,EnsembleMLLR
H685Q:V710D,-11.7673828125,EnsembleMLLR
H685R:A692V,-0.658984375,EnsembleMLLR
H685Q:V710F,-2.14453125,EnsembleMLLR
H685Q:V710L,0.08037109375000001,EnsembleMLLR
H685Q:V711A,0.46738281249999997,EnsembleMLLR
H685Q:V711I,-0.7166015625000001,EnsembleMLLR
H685R,0.2765625,EnsembleMLLR
H685R:A692E,0.9640625,EnsembleMLLR
H685R:A692P,-0.06914062500000001,EnsembleMLLR
H685Q:V710I,-0.98544921875,EnsembleMLLR
H685R:E693K,-1.01640625,EnsembleMLLR
H685R:G704E,-11.921822357177735,EnsembleMLLR
H685R:F690I,0.883203125,EnsembleMLLR
H685R:G708C,-4.09840087890625,EnsembleMLLR
H685R:G708D,-11.947705078125,EnsembleMLLR
H685R:G708S,-4.6820068359375,EnsembleMLLR
H685R:G708V,-2.76812744140625,EnsembleMLLR
H685R:G709C,-4.0939697265624995,EnsembleMLLR
H685R:G709D,-11.457543945312501,EnsembleMLLR
H685R:G704V,-8.252613830566405,EnsembleMLLR
H685R:G709S,-3.23731689453125,EnsembleMLLR
H685R:I702F,-3.8369140625,EnsembleMLLR
H685R:I702N,-7.9583496093749995,EnsembleMLLR
H685R:I702T,-3.23193359375,EnsembleMLLR
H685R:I702V,-0.4546875,EnsembleMLLR
H685R:I703F,-5.53116455078125,EnsembleMLLR
H685R:I703L,-2.907421875,EnsembleMLLR
H685R:G709V,-2.651324462890625,EnsembleMLLR
H685R:E693V,-1.709375,EnsembleMLLR
H685R:G704R,-11.295878601074218,EnsembleMLLR
H685R:G700S,-1.8568115234375,EnsembleMLLR
H685R:F690L,1.6273437499999999,EnsembleMLLR
H685R:F690S,3.3037109375,EnsembleMLLR
H685R:F690V,2.0027343749999997,EnsembleMLLR
H685R:F690Y,0.6886718749999999,EnsembleMLLR
H685R:F691I,1.349609375,EnsembleMLLR
H685R:F691L,1.7679687499999999,EnsembleMLLR
H685Q:V707A,-1.0390136718749998,EnsembleMLLR
H685R:F691S,3.20859375,EnsembleMLLR
H685R:G696C,-7.325,EnsembleMLLR
H685R:G696D,-0.802734375,EnsembleMLLR
H685R:G696S,0.7197265625,EnsembleMLLR
H685R:G696V,-1.47578125,EnsembleMLLR
H685R:G700C,-9.423876953125,EnsembleMLLR
H685R:G700D,-4.912402343749999,EnsembleMLLR
H685R:F691Y,0.41718750000000004,EnsembleMLLR
H685Q:V695M,-0.8289062500000001,EnsembleMLLR
H685Q:N698S,-0.566162109375,EnsembleMLLR
H685Q:V695G,1.760546875,EnsembleMLLR
H685Q:K699N,-2.273828125,EnsembleMLLR
H685Q:K699I,-3.3009765625,EnsembleMLLR
H685Q:K699E,-4.40546875,EnsembleMLLR
H685Q:K687R,0.20937499999999998,EnsembleMLLR
H685Q:K687Q,0.670703125,EnsembleMLLR
H685Q:K687N,0.278125,EnsembleMLLR
H685Q:K687I,-1.3875,EnsembleMLLR
H685Q:K687E,1.05546875,EnsembleMLLR
H685Q:I712V,1.3083984375,EnsembleMLLR
H685Q:I712T,-2.9923828125,EnsembleMLLR
H685Q:I712M,-0.7058593750000001,EnsembleMLLR
H685Q:I712L,1.72421875,EnsembleMLLR
H685Q:I712K,-11.031640625,EnsembleMLLR
H685Q:I703V,-1.0263916015624999,EnsembleMLLR
H685Q:I703T,-5.1299072265625,EnsembleMLLR
H685Q:I703N,-10.62255859375,EnsembleMLLR
H685Q:I703F,-4.542822265625,EnsembleMLLR
H685Q:G704R,-11.596544647216797,EnsembleMLLR
H685Q:G704V,-8.7375,EnsembleMLLR
H685Q:G708C,-3.6130126953125,EnsembleMLLR
H685Q:G708D,-11.4569580078125,EnsembleMLLR
H685Q:G708R,-10.596606445312501,EnsembleMLLR
H685Q:G708S,-3.9316772460937495,EnsembleMLLR
H685Q:K699R,0.9962890625,EnsembleMLLR
H685Q:G708V,-2.55660400390625,EnsembleMLLR
H685Q:G709D,-10.923046875,EnsembleMLLR
H685Q:G709S,-3.35489501953125,EnsembleMLLR
H685Q:I702F,-3.34755859375,EnsembleMLLR
H685Q:I702N,-6.9500976562500005,EnsembleMLLR
H685Q:I702T,-2.71103515625,EnsembleMLLR
H685Q:I702V,-0.18984375,EnsembleMLLR
H685Q:G709C,-3.313232421875,EnsembleMLLR
H685Q:K699T,0.0042968750000000056,EnsembleMLLR
H685Q:L688F,-1.048828125,EnsembleMLLR
H685Q:L688M,-0.28750000000000003,EnsembleMLLR
H685Q:Q686H,0.3765625,EnsembleMLLR
H685Q:Q686K,0.34921875,EnsembleMLLR
H685Q:Q686L,-1.113671875,EnsembleMLLR
H685Q:Q686R,0.22812500000000002,EnsembleMLLR
H685Q:S697L,0.3353515625,EnsembleMLLR
H685Q:S697P,-1.12109375,EnsembleMLLR
H685Q:Q686E,1.3427734375,EnsembleMLLR
H685Q:S697T,-0.26796875,EnsembleMLLR
H685Q:V689E,0.62890625,EnsembleMLLR
H685Q:V689G,2.1322265625,EnsembleMLLR
H685Q:V689L,0.127734375,EnsembleMLLR
H685Q:V689M,-0.9976562500000001,EnsembleMLLR
H685Q:V695A,1.18125,EnsembleMLLR
H685Q:V695E,2.088671875,EnsembleMLLR
H685Q:V689A,2.070703125,EnsembleMLLR
H685Q:V695L,-0.3234375,EnsembleMLLR
H685Q:N698Y,-3.18369140625,EnsembleMLLR
H685Q:N698I,-4.26533203125,EnsembleMLLR
H685Q:L688S,2.2015625,EnsembleMLLR
H685Q:L688V,1.128125,EnsembleMLLR
H685Q:L688W,-3.6750000000000003,EnsembleMLLR
H685Q:L705F,-4.27861328125,EnsembleMLLR
H685Q:L705H,-12.16771240234375,EnsembleMLLR
H685Q:L705I,-1.6978271484375,EnsembleMLLR
H685R:I703N,-11.868994140624999,EnsembleMLLR
H685Q:L705P,-9.169873046874999,EnsembleMLLR
H685Q:M706I,1.812109375,EnsembleMLLR
H685Q:M706K,-7.917187500000001,EnsembleMLLR
H685Q:M706L,3.3292236328125,EnsembleMLLR
H685Q:M706T,-1.8335937500000001,EnsembleMLLR
H685Q:M706V,1.4255859375000002,EnsembleMLLR
H685Q:N698D,-3.042333984375,EnsembleMLLR
H685Q:L705V,-2.3321655273437503,EnsembleMLLR
H685R:I703S,-7.8248291015625,EnsembleMLLR
H685R:L688M,-0.64609375,EnsembleMLLR
H685R:I703V,-1.3708984375,EnsembleMLLR
H685Y:I702V,-2.126171875,EnsembleMLLR
H685Y:I703F,-6.76845703125,EnsembleMLLR
H685Y:I703T,-6.749584960937501,EnsembleMLLR
H685Y:I703V,-2.6007324218749996,EnsembleMLLR
H685Y:I712K,-12.498046875,EnsembleMLLR
H685Y:I712L,-0.73701171875,EnsembleMLLR
H685Y:I702N,-9.703125,EnsembleMLLR
H685Y:I712M,-2.68203125,EnsembleMLLR
H685Y:I712V,-0.6701171874999999,EnsembleMLLR
H685Y:K687E,-0.3414062499999999,EnsembleMLLR
H685Y:K687I,-3.148046875,EnsembleMLLR
H685Y:K687N,-1.412890625,EnsembleMLLR
H685Y:K687R,-1.66015625,EnsembleMLLR
H685Y:K699E,-6.5341796875,EnsembleMLLR
H685Y:I712T,-4.7759765625,EnsembleMLLR
H685Y:K699I,-4.46171875,EnsembleMLLR
H685Y:I702F,-5.07978515625,EnsembleMLLR
H685Y:G709D,-13.3119384765625,EnsembleMLLR
H685Y:F690L,0.05742187500000018,EnsembleMLLR
H685Y:F690Y,-1.275390625,EnsembleMLLR
H685Y:F691I,-0.478515625,EnsembleMLLR
H685Y:F691L,-0.018359375000000178,EnsembleMLLR
H685Y:F691S,1.715234375,EnsembleMLLR
H685Y:F691Y,-1.1769531249999998,EnsembleMLLR
H685Y:G709S,-5.3227081298828125,EnsembleMLLR
H685Y:G696C,-8.9037109375,EnsembleMLLR
H685Y:G704E,-13.51241455078125,EnsembleMLLR
H685Y:G704R,-13.766441345214844,EnsembleMLLR
H685Y:G708C,-5.4393310546875,EnsembleMLLR
H685Y:G708D,-13.752044677734375,EnsembleMLLR
H685Y:G708S,-4.9708984375,EnsembleMLLR
H685Y:G709C,-5.81708984375,EnsembleMLLR
H685Y:G700C,-12.1884765625,EnsembleMLLR
H685Y:F690I,-0.9695312500000001,EnsembleMLLR
H685Y:K699N,-4.570703125,EnsembleMLLR
H685Y:L688F,-2.808984375,EnsembleMLLR
H685Y:S697P,-3.0154296875,EnsembleMLLR
H685Y:S697T,-2.099609375,EnsembleMLLR
H685Y:V689A,-0.06845703124999991,EnsembleMLLR
H685Y:V689E,-0.7207031249999999,EnsembleMLLR
H685Y:V689M,-2.84296875,EnsembleMLLR
H685Y:V695A,-0.765234375,EnsembleMLLR
H685Y:Q686R,-1.419921875,EnsembleMLLR
H685Y:V695E,-0.1513671875,EnsembleMLLR
H685Y:V707A,-3.279736328125,EnsembleMLLR
H685Y:V707E,-12.9720703125,EnsembleMLLR
H685Y:V707M,-4.637646484375,EnsembleMLLR
H685Y:V710A,-1.92138671875,EnsembleMLLR
H685Y:V710D,-14.82421875,EnsembleMLLR
H685Y:V711D,-14.242968750000001,EnsembleMLLR
H685Y:V695M,-2.296875,EnsembleMLLR
H685Y:K699R,-0.78974609375,EnsembleMLLR
H685Y:Q686L,-2.5125,EnsembleMLLR
H685Y:Q686H,-2.281640625,EnsembleMLLR
H685Y:L688M,-2.191796875,EnsembleMLLR
H685Y:L688S,-0.10273437500000004,EnsembleMLLR
H685Y:L705F,-6.530017089843749,EnsembleMLLR
H685Y:L705H,-14.49368896484375,EnsembleMLLR
H685Y:L705P,-11.78450927734375,EnsembleMLLR
H685Y:L705R,-13.593328857421874,EnsembleMLLR
H685Y:Q686K,-1.889453125,EnsembleMLLR
H685Y:M706K,-10.358203125,EnsembleMLLR
H685Y:M706T,-3.9375,EnsembleMLLR
H685Y:M706V,-0.2841796875,EnsembleMLLR
H685Y:N698D,-5.22998046875,EnsembleMLLR
H685Y:N698I,-7.418652343750001,EnsembleMLLR
H685Y:N698S,-1.59189453125,EnsembleMLLR
H685Y:N698Y,-5.01240234375,EnsembleMLLR
H685Y:M706L,1.9366943359375,EnsembleMLLR
H685R:I703T,-4.9347900390624995,EnsembleMLLR
H685Y:E693V,-3.2619140625,EnsembleMLLR
H685Y:E693D,-1.8361328125,EnsembleMLLR
H685R:L705F,-4.409313964843751,EnsembleMLLR
H685R:L705H,-12.82757568359375,EnsembleMLLR
H685R:L705I,-2.6094970703125,EnsembleMLLR
H685R:L705P,-8.503271484375,EnsembleMLLR
H685R:M706I,1.8380859375,EnsembleMLLR
H685R:M706K,-8.468359375,EnsembleMLLR
H685R:L688S,1.9046875,EnsembleMLLR
H685R:M706L,4.1331298828125,EnsembleMLLR
H685R:M706V,2.4267578125,EnsembleMLLR
H685R:N698D,-3.80078125,EnsembleMLLR
H685R:N698I,-4.147265625,EnsembleMLLR
H685R:N698S,-0.328515625,EnsembleMLLR
H685R:N698Y,-3.6202148437500004,EnsembleMLLR
H685R:Q686H,0.12890625,EnsembleMLLR
H685R:M706T,-1.36015625,EnsembleMLLR
H685R:Q686K,0.320703125,EnsembleMLLR
H685Q:G704E,-11.889458465576173,EnsembleMLLR
H685R:K699R,0.6525390625,EnsembleMLLR
H685R:I712K,-11.729687499999999,EnsembleMLLR
H685R:I712L,1.404296875,EnsembleMLLR
H685R:I712M,-1.2009765625,EnsembleMLLR
H685R:I712R,-11.158984375000001,EnsembleMLLR
H685R:I712T,-2.1527343749999996,EnsembleMLLR
H685R:I712V,0.8494140625000001,EnsembleMLLR
H685R:L688F,-1.2953125,EnsembleMLLR
H685R:K687E,1.05,EnsembleMLLR
H685R:K687N,0.2265625,EnsembleMLLR
H685R:K687Q,0.253515625,EnsembleMLLR
H685R:K687R,0.13124999999999998,EnsembleMLLR
H685R:K699E,-4.7947265625,EnsembleMLLR
H685R:K699I,-2.644921875,EnsembleMLLR
H685R:K699N,-2.3017578125,EnsembleMLLR
H685R:K687I,-1.4691406249999999,EnsembleMLLR
H685Y:E693G,-2.27265625,EnsembleMLLR
H685R:Q686L,-0.668359375,EnsembleMLLR
H685R:Q686R,0.19140625,EnsembleMLLR
H685R:V710I,-0.6849609375000001,EnsembleMLLR
H685R:V710L,-0.015917968749999997,EnsembleMLLR
H685R:V711A,0.43349609375,EnsembleMLLR
H685R:V711D,-12.649218750000001,EnsembleMLLR
H685R:V711I,-0.6888671875000001,EnsembleMLLR
H685S,0.984375,EnsembleMLLR
H685R:V710D,-12.77841796875,EnsembleMLLR
H685Y,-1.567578125,EnsembleMLLR
H685Y:A692T,-1.989453125,EnsembleMLLR
H685Y:A701V,-2.841064453125,EnsembleMLLR
H685Y:A713T,-4.468505859375,EnsembleMLLR
H685Y:A713V,-2.408984375,EnsembleMLLR
H685Y:D694E,-1.6705078125,EnsembleMLLR
H685Y:D694V,-3.12421875,EnsembleMLLR
H685Y:A692E,-0.932421875,EnsembleMLLR
H685R:Q686P,0.10312500000000002,EnsembleMLLR
H685R:V710A,-0.204296875,EnsembleMLLR
H685R:V707L,-1.72294921875,EnsembleMLLR
H685R:S697L,-0.6283203125,EnsembleMLLR
H685R:S697P,-0.990234375,EnsembleMLLR
H685R:S697T,-0.7169921875,EnsembleMLLR
H685R:V689A,1.4654296875000001,EnsembleMLLR
H685R:V689E,0.49726562499999993,EnsembleMLLR
H685R:V689G,2.223046875,EnsembleMLLR
H685R:V707M,-3.0199707031250003,EnsembleMLLR
H685R:V689L,-0.02031250000000001,EnsembleMLLR
H685R:V695A,1.016015625,EnsembleMLLR
H685R:V695E,1.6957031249999999,EnsembleMLLR
H685R:V695G,1.3921875,EnsembleMLLR
H685R:V695M,-0.8500000000000001,EnsembleMLLR
H685R:V707A,-1.871337890625,EnsembleMLLR
H685R:V707E,-12.010302734375001,EnsembleMLLR
H685R:V689M,-1.00859375,EnsembleMLLR
H685Q:G700V,-3.4960693359375,EnsembleMLLR
H685Q:E693G,-0.38378906250000006,EnsembleMLLR
H685Q:G700D,-4.473095703125,EnsembleMLLR
H685L:N698H,-3.1102294921875,EnsembleMLLR
H685L:N698D,-3.365234375,EnsembleMLLR
H685L:M706V,0.8558593750000001,EnsembleMLLR
H685L:M706T,-2.82734375,EnsembleMLLR
H685L:M706L,3.2509643554687497,EnsembleMLLR
H685L:M706K,-8.560546875,EnsembleMLLR
H685L:M706I,0.4730468750000001,EnsembleMLLR
H685L:L705V,-3.23172607421875,EnsembleMLLR
H685L:L705P,-9.6201171875,EnsembleMLLR
H685L:L705I,-2.0239990234375,EnsembleMLLR
H685L:L705H,-12.916192626953126,EnsembleMLLR
H685L:L705F,-5.07568359375,EnsembleMLLR
H685L:L688V,0.20117187499999994,EnsembleMLLR
H685L:L688S,1.0296874999999999,EnsembleMLLR
H685L:L688M,-0.62109375,EnsembleMLLR
H685L:L688F,-1.816796875,EnsembleMLLR
H685L:K699T,-1.647265625,EnsembleMLLR
H685L:I712L,1.1805175781250001,EnsembleMLLR
H685L:I712M,-1.5609375,EnsembleMLLR
H685L:I712T,-3.0498046875,EnsembleMLLR
H685L:I712V,0.6160156250000001,EnsembleMLLR
H685L:K687E,0.017578125,EnsembleMLLR
H685L:K687I,-2.530078125,EnsembleMLLR
H685L:N698I,-6.26943359375,EnsembleMLLR
H685L:K687N,-0.21054687500000002,EnsembleMLLR
H685L:K687R,-0.56328125,EnsembleMLLR
H685L:K699E,-5.174023437500001,EnsembleMLLR
H685L:K699I,-3.4068359375,EnsembleMLLR
H685L:K699N,-3.3904296875,EnsembleMLLR
H685L:K699Q,-2.53369140625,EnsembleMLLR
H685L:K699R,-0.06450195312500001,EnsembleMLLR
H685L:K687Q,-0.6625000000000001,EnsembleMLLR
H685L:N698K,-2.9050781249999997,EnsembleMLLR
H685L:N698S,-0.5654296875,EnsembleMLLR
H685L:N698Y,-3.819140625,EnsembleMLLR
H685L:V707A,-2.45341796875,EnsembleMLLR
H685L:V707E,-11.439013671875,EnsembleMLLR
H685L:V707G,-5.6600585937500005,EnsembleMLLR
H685L:V707L,-1.865283203125,EnsembleMLLR
H685L:V707M,-3.166015625,EnsembleMLLR
H685L:V710A,-1.4271484375,EnsembleMLLR
H685L:V695M,-1.753125,EnsembleMLLR
H685L:V710D,-13.461230468750001,EnsembleMLLR
H685L:V710G,-2.75009765625,EnsembleMLLR
H685L:V710I,-2.2171875,EnsembleMLLR
H685L:V711A,0.16328125000000004,EnsembleMLLR
H685L:V711D,-13.501171875,EnsembleMLLR
H685L:V711F,-3.1917968749999996,EnsembleMLLR
H685L:V711G,-3.17578125,EnsembleMLLR
H685L:V710F,-2.9539062499999997,EnsembleMLLR
H685L:I712K,-11.792578124999999,EnsembleMLLR
H685L:V695L,-0.634765625,EnsembleMLLR
H685L:V695E,1.06953125,EnsembleMLLR
H685L:Q686E,0.3224609375,EnsembleMLLR
H685L:Q686H,-0.398046875,EnsembleMLLR
H685L:Q686K,-0.22929687499999998,EnsembleMLLR
H685L:Q686L,-1.12734375,EnsembleMLLR
H685L:Q686R,-0.66796875,EnsembleMLLR
H685L:S697L,-0.5595703125,EnsembleMLLR
H685L:V695G,0.68046875,EnsembleMLLR
H685L:S697P,-2.2361328125,EnsembleMLLR
H685L:V689A,0.816015625,EnsembleMLLR
H685L:V689E,-0.193359375,EnsembleMLLR
H685L:V689G,1.02421875,EnsembleMLLR
H685L:V689L,-0.295703125,EnsembleMLLR
H685L:V689M,-1.934765625,EnsembleMLLR
H685L:V695A,0.3078125,EnsembleMLLR
H685L:S697T,-1.2761718750000002,EnsembleMLLR
H685L:I703V,-1.91015625,EnsembleMLLR
H685L:I703T,-5.4935791015625,EnsembleMLLR
H685L:I703N,-12.037866210937501,EnsembleMLLR
H685L:A701E,-6.665576171875,EnsembleMLLR
H685L:A701G,-3.9950683593750003,EnsembleMLLR
H685L:A701P,-2.137109375,EnsembleMLLR
H685L:A701S,-2.66171875,EnsembleMLLR
H685L:A701T,-2.89462890625,EnsembleMLLR
H685L:A713E,-13.0060791015625,EnsembleMLLR
H685L:A692V,-0.99609375,EnsembleMLLR
H685L:A713S,-4.208154296875,EnsembleMLLR
H685L:A713V,-1.28857421875,EnsembleMLLR
H685L:D694E,-0.10078124999999999,EnsembleMLLR
H685L:D694G,-1.3771484374999998,EnsembleMLLR
H685L:D694N,-1.0759765625000002,EnsembleMLLR
H685L:D694V,-2.19609375,EnsembleMLLR
H685L:D694Y,-2.88671875,EnsembleMLLR
H685L:A713T,-3.556494140625,EnsembleMLLR
H685L:E693D,-0.112890625,EnsembleMLLR
H685L:A692T,-0.84765625,EnsembleMLLR
H685L:A692G,0.04570312500000007,EnsembleMLLR
H685C,-5.576171875,EnsembleMLLR
H685D,0.43671875,EnsembleMLLR
H685D:F691L,2.415234375,EnsembleMLLR
H685D:F691S,4.2212890625,EnsembleMLLR
H685D:F691Y,0.885546875,EnsembleMLLR
H685D:G709C,-3.1779052734375,EnsembleMLLR
H685L:A692S,0.537890625,EnsembleMLLR
H685D:N698D,-2.1981445312499996,EnsembleMLLR
H685D:Q686R,0.8113281250000001,EnsembleMLLR
H685D:V689E,1.4050781250000002,EnsembleMLLR
H685I,-0.8703125,EnsembleMLLR
H685K,0.20234375,EnsembleMLLR
H685L,-0.3640625,EnsembleMLLR
H685L:A692E,-0.20390625000000007,EnsembleMLLR
H685D:N698I,-4.6650390625,EnsembleMLLR
H685L:V711I,-1.330859375,EnsembleMLLR
H685L:E693G,-1.21015625,EnsembleMLLR
H685L:E693V,-2.254296875,EnsembleMLLR
H685L:G704R,-12.96893539428711,EnsembleMLLR
H685L:G708C,-4.696875,EnsembleMLLR
H685L:G708D,-11.858007812499999,EnsembleMLLR
H685L:G708S,-3.6725585937500003,EnsembleMLLR
H685L:G708V,-3.6276489257812496,EnsembleMLLR
H685L:G709C,-5.56165771484375,EnsembleMLLR
H685L:G704E,-12.925585556030274,EnsembleMLLR
H685L:G709D,-12.262841796875,EnsembleMLLR
H685L:G709S,-2.8341796875000003,EnsembleMLLR
H685L:I702F,-4.43408203125,EnsembleMLLR
H685L:I702N,-8.05595703125,EnsembleMLLR
H685L:I702T,-2.87841796875,EnsembleMLLR
H685L:I702V,-0.99384765625,EnsembleMLLR
H685L:I703F,-6.2558837890625,EnsembleMLLR
H685L:G709R,-12.98045654296875,EnsembleMLLR
H685L:E693K,-1.66015625,EnsembleMLLR
H685L:G700D,-5.04833984375,EnsembleMLLR
H685L:G696S,0.41386718749999996,EnsembleMLLR
H685L:F690I,0.16953125000000002,EnsembleMLLR
H685L:F690L,1.3347656250000002,EnsembleMLLR
H685L:F690S,2.540234375,EnsembleMLLR
H685L:F690V,1.6496093750000003,EnsembleMLLR
H685L:F690Y,0.07187500000000002,EnsembleMLLR
H685L:F691C,-3.3546875,EnsembleMLLR
H685L:G700C,-10.5533447265625,EnsembleMLLR
H685L:F691I,1.08515625,EnsembleMLLR
H685L:F691S,2.79609375,EnsembleMLLR
H685L:F691V,1.383984375,EnsembleMLLR
H685L:F691Y,-0.17226562499999998,EnsembleMLLR
H685L:G696C,-6.93515625,EnsembleMLLR
H685L:G696D,-0.6701171875,EnsembleMLLR
H685L:G696R,-2.3578125,EnsembleMLLR
H685L:F691L,1.32265625,EnsembleMLLR
H685L:V711L,-0.15498046875000004,EnsembleMLLR
H685N,0.345703125,EnsembleMLLR
H685N:A692E,0.760546875,EnsembleMLLR
H685P:V710D,-12.08359375,EnsembleMLLR
H685P:V695E,1.8279296875,EnsembleMLLR
H685P:V695A,0.984375,EnsembleMLLR
H685P:V689E,0.737109375,EnsembleMLLR
H685P:Q686R,0.311328125,EnsembleMLLR
H685P:N698Y,-3.2822265625,EnsembleMLLR
H685P:N698I,-5.18037109375,EnsembleMLLR
H685P:N698D,-3.5641601562500003,EnsembleMLLR
H685P:M706L,3.997900390625,EnsembleMLLR
H685P:L705H,-12.418841552734376,EnsembleMLLR
H685P:L688S,1.990625,EnsembleMLLR
H685P:K687T,0.27578125,EnsembleMLLR
H685P:K687R,0.210546875,EnsembleMLLR
H685P:K687I,-1.7140625,EnsembleMLLR
H685P:I703T,-4.722998046875,EnsembleMLLR
H685P:I702V,-0.3275390625,EnsembleMLLR
H685P:I702T,-2.6140625,EnsembleMLLR
H685N:V711A,0.14809570312499998,EnsembleMLLR
H685N:V711D,-12.8880859375,EnsembleMLLR
H685N:V711I,-0.5212890625000001,EnsembleMLLR
H685P,0.320703125,EnsembleMLLR
H685P:D694G,-0.17714843749999998,EnsembleMLLR
H685P:E693D,0.21640625,EnsembleMLLR
H685P:V711D,-12.8533203125,EnsembleMLLR
H685P:E693V,-1.7025390625,EnsembleMLLR
H685P:F691I,1.3191406250000002,EnsembleMLLR
H685P:F691L,1.908984375,EnsembleMLLR
H685P:G696C,-6.4332031249999995,EnsembleMLLR
H685P:G708S,-2.939697265625,EnsembleMLLR
H685P:G709C,-2.79345703125,EnsembleMLLR
H685P:G709D,-11.0296630859375,EnsembleMLLR
H685P:F690I,1.421484375,EnsembleMLLR
H685Q,0.36015625,EnsembleMLLR
H685Q:A692E,1.016796875,EnsembleMLLR
H685Q:A692G,0.728125,EnsembleMLLR
H685Q:F690I,1.34765625,EnsembleMLLR
H685Q:F690L,1.8160156250000001,EnsembleMLLR
H685Q:F690S,3.5171875,EnsembleMLLR
H685Q:F690Y,0.530078125,EnsembleMLLR
H685Q:F691C,-3.4734375,EnsembleMLLR
H685Q:F691I,1.4929687500000002,EnsembleMLLR
H685Q:E693V,-1.3277343750000001,EnsembleMLLR
H685Q:F691L,1.898046875,EnsembleMLLR
H685Q:F691Y,0.58671875,EnsembleMLLR
H685Q:G696A,0.024218749999999983,EnsembleMLLR
H685Q:G696C,-6.3044921875,EnsembleMLLR
H685Q:G696D,-0.6466796875,EnsembleMLLR
H685Q:G696S,1.07421875,EnsembleMLLR
H685Q:G700C,-9.8333984375,EnsembleMLLR
H685Q:F691S,3.3527343750000003,EnsembleMLLR
H685N:V710I,-0.8291992187499999,EnsembleMLLR
H685Q:E693K,-1.0007812500000002,EnsembleMLLR
H685Q:D694Y,-2.48203125,EnsembleMLLR
H685Q:A692S,0.9046875000000001,EnsembleMLLR
H685Q:A692T,0.19765624999999998,EnsembleMLLR
H685Q:A692V,-0.4515625,EnsembleMLLR
H685Q:A701E,-6.675830078125,EnsembleMLLR
H685Q:A701S,-2.270556640625,EnsembleMLLR
H685Q:A701T,-1.4294921875000002,EnsembleMLLR
H685Q:E693D,0.030468750000000017,EnsembleMLLR
H685Q:A701V,-1.3769042968749998,EnsembleMLLR
H685Q:A713S,-4.195947265625,EnsembleMLLR
H685Q:A713T,-1.74873046875,EnsembleMLLR
H685Q:A713V,0.205859375,EnsembleMLLR
H685Q:D694E,0.044921875000000014,EnsembleMLLR
H685Q:D694G,-0.20039062500000004,EnsembleMLLR
H685Q:D694V,-1.623828125,EnsembleMLLR
H685Q:A713E,-12.4992431640625,EnsembleMLLR
H685Q:G700S,-1.6662475585937497,EnsembleMLLR
H685N:V710D,-13.0421875,EnsembleMLLR
H685N:V707M,-2.518115234375,EnsembleMLLR
H685N:G696C,-6.62109375,EnsembleMLLR
H685N:G696S,1.211328125,EnsembleMLLR
H685N:G708C,-3.588134765625,EnsembleMLLR
H685N:G709C,-4.1885498046875,EnsembleMLLR
H685N:G709D,-10.89814453125,EnsembleMLLR
H685N:G709S,-3.1746093749999997,EnsembleMLLR
H685N:F691Y,0.6390625,EnsembleMLLR
H685N:I702F,-2.8958984375,EnsembleMLLR
H685N:I702V,-0.30537109375000004,EnsembleMLLR
H685N:I703F,-4.602978515625001,EnsembleMLLR
H685N:I703N,-12.44671630859375,EnsembleMLLR
H685N:I703T,-6.0859130859375,EnsembleMLLR
H685N:I703V,-1.1961669921875,EnsembleMLLR
H685N:I712K,-10.848046875000001,EnsembleMLLR
H685N:I702N,-6.60732421875,EnsembleMLLR
H685N:I712L,2.2318359375,EnsembleMLLR
H685N:F691S,3.8445312499999997,EnsembleMLLR
H685N:F691I,1.521484375,EnsembleMLLR
H685N:A692T,0.22499999999999998,EnsembleMLLR
H685N:A692V,-0.34140625,EnsembleMLLR
H685N:A701T,-1.7764892578125,EnsembleMLLR
H685N:A701V,-1.09365234375,EnsembleMLLR
H685N:A713S,-4.0201416015625,EnsembleMLLR
H685N:D694E,0.024609375000000017,EnsembleMLLR
H685N:F691L,2.018359375,EnsembleMLLR
H685N:D694V,-1.4865234375,EnsembleMLLR
H685N:E693G,-0.5234375,EnsembleMLLR
H685N:E693V,-1.1939453125000001,EnsembleMLLR
H685N:F690I,1.11328125,EnsembleMLLR
H685N:F690L,1.58046875,EnsembleMLLR
H685N:F690V,1.65390625,EnsembleMLLR
H685N:F690Y,0.541796875,EnsembleMLLR
H685N:E693D,0.459765625,EnsembleMLLR
H685N:I712M,-0.9044921875,EnsembleMLLR
H685N:I712T,-2.31328125,EnsembleMLLR
H685N:I712V,1.4134765625,EnsembleMLLR
H685N:N698I,-3.6765625,EnsembleMLLR
H685N:N698S,-0.62333984375,EnsembleMLLR
H685N:N698Y,-3.3735351562499996,EnsembleMLLR
H685N:Q686H,0.265625,EnsembleMLLR
H685N:Q686L,-0.20039062500000004,EnsembleMLLR
H685N:Q686R,0.45585937499999996,EnsembleMLLR
H685N:N698D,-2.9573730468750004,EnsembleMLLR
H685N:S697P,-1.1333984375,EnsembleMLLR
H685N:V689A,2.0302734375,EnsembleMLLR
H685N:V689E,1.319140625,EnsembleMLLR
H685N:V695A,1.223046875,EnsembleMLLR
H685N:V695E,1.662109375,EnsembleMLLR
H685N:V695M,-0.7480468750000001,EnsembleMLLR
H685N:V707E,-10.62158203125,EnsembleMLLR
H685N:S697T,-0.6283203125000001,EnsembleMLLR
H685N:M706V,1.744140625,EnsembleMLLR
H685N:M706T,-1.883984375,EnsembleMLLR
H685N:M706L,4.205255126953125,EnsembleMLLR
H685N:K687E,0.72265625,EnsembleMLLR
H685N:K687I,-1.576171875,EnsembleMLLR
H685N:K687N,0.44648437500000004,EnsembleMLLR
H685N:K699E,-3.734765625,EnsembleMLLR
H685N:K699I,-1.9966796875000001,EnsembleMLLR
H685N:K699N,-2.3537109375,EnsembleMLLR
H685N:V710A,-0.14765625000000004,EnsembleMLLR
H685N:K699R,1.4445068359375,EnsembleMLLR
H685N:L688M,-0.2984375,EnsembleMLLR
H685N:L688S,2.3917968750000003,EnsembleMLLR
H685N:L705H,-12.5547607421875,EnsembleMLLR
H685N:L705I,-1.44130859375,EnsembleMLLR
H685N:L705P,-9.31832275390625,EnsembleMLLR
H685N:M706K,-8.3765625,EnsembleMLLR
H685N:L688F,-0.9070312500000001,EnsembleMLLR
H685L:A701V,-1.138671875,EnsembleMLLR
Q686K:L688S,1.8671875,EnsembleMLLR
Q686K:L688M,-0.4828125,EnsembleMLLR
Q686L:M706I,0.560546875,EnsembleMLLR
Q686P:I712K,-11.517382812500001,EnsembleMLLR
Q686P:I703T,-5.182861328125,EnsembleMLLR
Q686P:I702V,-0.87734375,EnsembleMLLR
Q686P:I702F,-3.54521484375,EnsembleMLLR
Q686P:G709C,-3.6602294921875,EnsembleMLLR
Q686P:G708S,-3.6612548828125,EnsembleMLLR
Q686P:G708D,-11.436181640625001,EnsembleMLLR
Q686P:G700C,-9.6114501953125,EnsembleMLLR
Q686P:G696C,-6.977734375,EnsembleMLLR
Q686P:F691S,3.2492187500000003,EnsembleMLLR
Q686P:F691L,1.695703125,EnsembleMLLR
Q686P:F691I,1.351953125,EnsembleMLLR
Q686P:F690Y,0.5249999999999999,EnsembleMLLR
Q686P:I712L,1.4928222656249999,EnsembleMLLR
Q686P:F690L,1.3824218750000001,EnsembleMLLR
Q686P:E693V,-2.0783203125000003,EnsembleMLLR
Q686P:E693D,0.12070312500000001,EnsembleMLLR
Q686P:A713V,-1.221044921875,EnsembleMLLR
Q686P:A713T,-3.3025390625,EnsembleMLLR
Q686P:A701V,-2.0664550781249997,EnsembleMLLR
Q686P,-0.0765625,EnsembleMLLR
Q686N,0.070703125,EnsembleMLLR
Q686L:V711L,-1.157421875,EnsembleMLLR
Q686L:V711I,-2.08984375,EnsembleMLLR
Q686L:V711G,-5.2201171875,EnsembleMLLR
Q686L:V711F,-3.3486328125,EnsembleMLLR
Q686L:V711D,-13.4654296875,EnsembleMLLR
Q686L:V711A,-0.086181640625,EnsembleMLLR
Q686P:F690I,0.9156249999999999,EnsembleMLLR
Q686P:I712M,-1.4447265625,EnsembleMLLR
Q686P:I712T,-3.01171875,EnsembleMLLR
Q686P:I712V,1.0849609375,EnsembleMLLR
Q686R:A701G,-3.4880859375,EnsembleMLLR
Q686R:A701E,-6.6837890625,EnsembleMLLR
Q686R:A692V,-0.455859375,EnsembleMLLR
Q686R:A692T,-0.212109375,EnsembleMLLR
Q686R:A692P,-0.21718749999999998,EnsembleMLLR
Q686R:A692E,0.47812499999999997,EnsembleMLLR
Q686R,-0.10703125,EnsembleMLLR
Q686P:V711A,0.47060546875,EnsembleMLLR
Q686P:V707M,-3.139208984375,EnsembleMLLR
Q686P:V707E,-11.097509765625,EnsembleMLLR
Q686P:V695E,1.7109375,EnsembleMLLR
Q686P:V689E,0.5375,EnsembleMLLR
Q686P:V689A,1.601953125,EnsembleMLLR
Q686P:S697T,-0.9480468750000001,EnsembleMLLR
Q686P:S697P,-1.5921875,EnsembleMLLR
Q686P:S697L,-0.956640625,EnsembleMLLR
Q686P:N698Y,-3.5408203125,EnsembleMLLR
Q686P:N698I,-5.25234375,EnsembleMLLR
Q686P:N698D,-3.10615234375,EnsembleMLLR
Q686P:M706V,1.4423828125,EnsembleMLLR
Q686P:M706T,-2.2234374999999997,EnsembleMLLR
Q686P:M706I,1.4292968750000001,EnsembleMLLR
Q686P:L705P,-8.55411376953125,EnsembleMLLR
Q686P:L705H,-12.788610839843749,EnsembleMLLR
Q686P:L688S,1.916796875,EnsembleMLLR
Q686P:L688F,-1.5687499999999999,EnsembleMLLR
Q686P:K699I,-3.3767578125,EnsembleMLLR
Q686P:K699E,-4.4419921874999995,EnsembleMLLR
Q686P:K687E,0.833203125,EnsembleMLLR
Q686L:V710I,-1.3853515625000001,EnsembleMLLR
Q686D,0.29453125,EnsembleMLLR
Q686E,0.79140625,EnsembleMLLR
Q686E:A692V,0.20937499999999998,EnsembleMLLR
Q686H:F691I,0.7910156250000001,EnsembleMLLR
Q686H:F691L,1.403125,EnsembleMLLR
Q686H:F691S,2.903125,EnsembleMLLR
Q686H:F691Y,0.278515625,EnsembleMLLR
Q686H:G696C,-7.11953125,EnsembleMLLR
Q686H:G696D,-0.8646484375,EnsembleMLLR
Q686H:G696S,0.615625,EnsembleMLLR
Q686H:G700A,-1.0289550781249999,EnsembleMLLR
Q686H:G700C,-9.7764892578125,EnsembleMLLR
Q686H:G700D,-5.1099609374999995,EnsembleMLLR
Q686H:G700R,-5.6845947265625005,EnsembleMLLR
Q686H:G700S,-2.269384765625,EnsembleMLLR
Q686H:G700V,-4.73095703125,EnsembleMLLR
Q686H:G704A,-4.771195220947266,EnsembleMLLR
Q686H:G704E,-12.422621917724609,EnsembleMLLR
Q686H:G704R,-11.582587814331054,EnsembleMLLR
Q686H:G704V,-8.303636169433593,EnsembleMLLR
Q686H:G708A,-0.706903076171875,EnsembleMLLR
Q686H:G708C,-4.1315185546875,EnsembleMLLR
Q686H:G708D,-11.5586669921875,EnsembleMLLR
Q686H:G708S,-4.10762939453125,EnsembleMLLR
Q686H:G708V,-1.6350830078125,EnsembleMLLR
Q686H:G709A,-1.5411376953125,EnsembleMLLR
Q686H:G709C,-3.0625976562500004,EnsembleMLLR
Q686H:G709D,-11.612353515625,EnsembleMLLR
Q686H:G709R,-13.1572265625,EnsembleMLLR
Q686H:G709S,-2.8537841796874996,EnsembleMLLR
Q686H:I702F,-3.53134765625,EnsembleMLLR
Q686H:I702N,-7.22470703125,EnsembleMLLR
Q686H:F691C,-3.98828125,EnsembleMLLR
Q686R:A701P,-1.68798828125,EnsembleMLLR
Q686H:F690Y,0.5609375,EnsembleMLLR
Q686H:F690S,3.0013671875,EnsembleMLLR
Q686E:A701T,-0.6353027343750001,EnsembleMLLR
Q686E:K687R,0.7964843749999999,EnsembleMLLR
Q686E:K699R,1.695947265625,EnsembleMLLR
Q686H,-0.250390625,EnsembleMLLR
Q686H:A692E,0.583203125,EnsembleMLLR
Q686H:A692S,0.44609375,EnsembleMLLR
Q686H:A692T,-0.24296875,EnsembleMLLR
Q686H:A692V,-0.776171875,EnsembleMLLR
Q686H:A701E,-7.3505859375,EnsembleMLLR
Q686H:A701G,-3.0955078124999997,EnsembleMLLR
Q686H:A701P,-2.7239257812499997,EnsembleMLLR
Q686H:A701S,-3.0524414062500003,EnsembleMLLR
Q686H:A701T,-1.4341796875000001,EnsembleMLLR
Q686H:A701V,-1.13525390625,EnsembleMLLR
Q686H:A713E,-12.324365234375,EnsembleMLLR
Q686H:A713G,-3.5134765624999997,EnsembleMLLR
Q686H:A713S,-4.638671875,EnsembleMLLR
Q686H:A713T,-2.4605468750000004,EnsembleMLLR
Q686H:A713V,-1.418408203125,EnsembleMLLR
Q686H:D694E,-0.082421875,EnsembleMLLR
Q686H:D694G,-0.1787109375,EnsembleMLLR
Q686H:D694N,-0.9365234375,EnsembleMLLR
Q686H:D694V,-1.6236328125,EnsembleMLLR
Q686H:D694Y,-2.8162109375,EnsembleMLLR
Q686H:E693D,-0.40878906249999997,EnsembleMLLR
Q686H:E693G,-0.6037109375,EnsembleMLLR
Q686H:E693V,-2.1109375,EnsembleMLLR
Q686H:F690I,0.807421875,EnsembleMLLR
Q686H:F690L,1.273828125,EnsembleMLLR
Q686H:F690V,1.9558593750000002,EnsembleMLLR
Q686R:A701S,-2.9392578125,EnsembleMLLR
Q686R:A701T,-0.842626953125,EnsembleMLLR
Q686R:A701V,-1.8557861328125,EnsembleMLLR
Q686R:V689A,1.2259765625,EnsembleMLLR
Q686R:S697T,-0.5783203125,EnsembleMLLR
Q686R:S697P,-1.3263671874999998,EnsembleMLLR
Q686R:S697L,0.43486328125,EnsembleMLLR
Q686R:S697A,-0.694921875,EnsembleMLLR
Q686R:N698Y,-3.9115234375,EnsembleMLLR
Q686R:N698T,-1.1965820312500002,EnsembleMLLR
Q686R:N698S,0.055468750000000004,EnsembleMLLR
Q686R:N698I,-5.17529296875,EnsembleMLLR
Q686R:N698D,-3.4474609375,EnsembleMLLR
Q686R:M706V,1.488671875,EnsembleMLLR
Q686R:M706T,-1.8,EnsembleMLLR
Q686R:M706R,-8.658984375000001,EnsembleMLLR
Q686R:M706L,3.6100341796874997,EnsembleMLLR
Q686R:M706K,-8.61171875,EnsembleMLLR
Q686R:M706I,1.5824218749999999,EnsembleMLLR
Q686R:L705V,-2.45096435546875,EnsembleMLLR
Q686R:L705R,-12.074969482421876,EnsembleMLLR
Q686R:L705P,-8.89501953125,EnsembleMLLR
Q686R:L705I,-2.437744140625,EnsembleMLLR
Q686R:L705H,-12.173583984375,EnsembleMLLR
Q686R:L705F,-4.327734375,EnsembleMLLR
Q686R:L688W,-4.08828125,EnsembleMLLR
Q686R:L688S,2.046484375,EnsembleMLLR
Q686R:L688M,-0.62109375,EnsembleMLLR
Q686R:L688F,-1.5375,EnsembleMLLR
Q686R:K699R,0.32851562500000003,EnsembleMLLR
Q686R:K699Q,-1.7328124999999999,EnsembleMLLR
Q686R:K699N,-2.5353515625000003,EnsembleMLLR
Q686R:V689E,0.71015625,EnsembleMLLR
Q686R:K699I,-3.61953125,EnsembleMLLR
Q686R:V689G,1.8943359375,EnsembleMLLR
Q686R:V689M,-1.3046875,EnsembleMLLR
Q686K:K699N,-2.9541015625,EnsembleMLLR
Q686K:K699I,-2.023828125,EnsembleMLLR
Q686K:K699E,-4.229296875,EnsembleMLLR
Q686K:K687N,0.03125,EnsembleMLLR
Q686K:K687I,-1.5875000000000001,EnsembleMLLR
Q686K:K687E,0.955078125,EnsembleMLLR
Q686K:I712V,1.353515625,EnsembleMLLR
Q686K:I712T,-2.34296875,EnsembleMLLR
Q686K:I712M,-0.71640625,EnsembleMLLR
Q686K:I712L,1.636328125,EnsembleMLLR
Q686K:I712K,-11.85703125,EnsembleMLLR
Q686K:I703V,-0.8625976562500001,EnsembleMLLR
Q686Y,-2.02109375,EnsembleMLLR
Q686R:V711I,-0.760546875,EnsembleMLLR
Q686R:V711G,-3.3759765625,EnsembleMLLR
Q686R:V711F,-2.134765625,EnsembleMLLR
Q686R:V711D,-13.200390625,EnsembleMLLR
Q686R:V711A,0.418701171875,EnsembleMLLR
Q686R:V710I,-0.9501953125,EnsembleMLLR
Q686R:V710D,-14.07431640625,EnsembleMLLR
Q686R:V710A,-0.101220703125,EnsembleMLLR
Q686R:V707M,-2.84990234375,EnsembleMLLR
Q686R:V707L,-1.719970703125,EnsembleMLLR
Q686R:V707E,-11.454443359374999,EnsembleMLLR
Q686R:V707A,-2.28798828125,EnsembleMLLR
Q686R:V695M,-1.0570312499999999,EnsembleMLLR
Q686R:V695L,-0.45390624999999996,EnsembleMLLR
Q686R:V695E,1.3369140625,EnsembleMLLR
Q686R:V695A,0.66328125,EnsembleMLLR
Q686R:V689L,-0.347265625,EnsembleMLLR
Q686H:I702T,-3.9056640625,EnsembleMLLR
Q686R:K699E,-4.5998046875,EnsembleMLLR
Q686R:K687R,-0.09140625,EnsembleMLLR
Q686R:G696S,0.5394531250000001,EnsembleMLLR
Q686R:G696R,-1.70703125,EnsembleMLLR
Q686R:G696D,-1.0921875,EnsembleMLLR
Q686R:G696C,-7.4482421875,EnsembleMLLR
Q686R:F691Y,0.176171875,EnsembleMLLR
Q686R:F691V,2.3386718749999997,EnsembleMLLR
Q686R:F691S,3.194921875,EnsembleMLLR
Q686R:F691L,1.5859375,EnsembleMLLR
Q686R:F691I,1.06796875,EnsembleMLLR
Q686R:F691C,-2.989453125,EnsembleMLLR
Q686R:F690Y,0.256640625,EnsembleMLLR
Q686R:F690V,1.78203125,EnsembleMLLR
Q686R:F690S,3.223046875,EnsembleMLLR
Q686R:F690L,1.415625,EnsembleMLLR
Q686R:F690I,0.81171875,EnsembleMLLR
Q686R:E693V,-2.0478515625,EnsembleMLLR
Q686R:E693K,-1.40390625,EnsembleMLLR
Q686R:E693G,-0.7212890625,EnsembleMLLR
Q686R:E693D,-0.1787109375,EnsembleMLLR
Q686R:D694Y,-2.9380859375,EnsembleMLLR
Q686R:D694V,-1.872265625,EnsembleMLLR
Q686R:D694N,-1.3140625,EnsembleMLLR
Q686R:D694G,-0.6005859375,EnsembleMLLR
Q686R:D694E,0.037890625000000004,EnsembleMLLR
Q686R:A713V,-1.433740234375,EnsembleMLLR
Q686R:A713T,-3.06787109375,EnsembleMLLR
Q686R:A713S,-4.265087890625,EnsembleMLLR
Q686R:A713G,-3.654638671875,EnsembleMLLR
Q686R:A713E,-12.1492919921875,EnsembleMLLR
Q686R:G696V,-1.2140624999999998,EnsembleMLLR
Q686R:K687T,0.28164062500000003,EnsembleMLLR
Q686R:G700C,-9.922021484375,EnsembleMLLR
Q686R:G700R,-5.9774414062500005,EnsembleMLLR
Q686R:K687Q,0.080859375,EnsembleMLLR
Q686R:K687N,-0.017187499999999994,EnsembleMLLR
Q686R:K687I,-1.361328125,EnsembleMLLR
Q686R:K687E,1.0748046875000001,EnsembleMLLR
Q686R:I712V,0.6724609375,EnsembleMLLR
Q686R:I712T,-3.207421875,EnsembleMLLR
Q686R:I712M,-1.248828125,EnsembleMLLR
Q686R:I712L,1.481689453125,EnsembleMLLR
Q686R:I712K,-11.829296875,EnsembleMLLR
Q686R:I703V,-1.9048828125000001,EnsembleMLLR
Q686R:I703T,-5.0109375,EnsembleMLLR
Q686R:I703N,-12.1732177734375,EnsembleMLLR
Q686R:I703F,-5.23017578125,EnsembleMLLR
Q686R:I702V,-0.85810546875,EnsembleMLLR
Q686R:I702T,-3.805126953125,EnsembleMLLR
Q686R:I702N,-8.17958984375,EnsembleMLLR
Q686R:I702F,-3.15185546875,EnsembleMLLR
Q686R:G709S,-3.63675537109375,EnsembleMLLR
Q686R:G709D,-11.200146484375,EnsembleMLLR
Q686R:G709C,-3.0826660156249996,EnsembleMLLR
Q686R:G708V,-2.051025390625,EnsembleMLLR
Q686R:G708S,-3.2508666992187503,EnsembleMLLR
Q686R:G708D,-11.82861328125,EnsembleMLLR
Q686R:G708C,-3.51630859375,EnsembleMLLR
Q686R:G704V,-9.126230621337891,EnsembleMLLR
Q686R:G704R,-12.383799743652343,EnsembleMLLR
Q686R:G704E,-12.36315231323242,EnsembleMLLR
Q686R:G700V,-4.2471679687499995,EnsembleMLLR
Q686R:G700S,-1.8462402343750002,EnsembleMLLR
Q686R:G700D,-4.789794921875,EnsembleMLLR
Q686K:K699Q,-1.63671875,EnsembleMLLR
Q686H:I702V,-0.22236328125,EnsembleMLLR
Q686H:I703M,-3.6298339843750003,EnsembleMLLR
Q686K:N698D,-3.5369140625,EnsembleMLLR
Q686K:M706V,1.8548828125,EnsembleMLLR
Q686K:M706L,3.47861328125,EnsembleMLLR
Q686K:M706K,-8.366796874999999,EnsembleMLLR
Q686K:M706I,1.4330078124999999,EnsembleMLLR
Q686K:L705P,-9.56983642578125,EnsembleMLLR
Q686K:L705H,-12.468218994140624,EnsembleMLLR
Q686K:L705F,-3.86044921875,EnsembleMLLR
Q686K:L688W,-3.421484375,EnsembleMLLR
Q686H:L705H,-12.2296875,EnsembleMLLR
Q686H:L705I,-2.05086669921875,EnsembleMLLR
Q686H:L705P,-9.61689453125,EnsembleMLLR
Q686H:L705R,-11.9056396484375,EnsembleMLLR
Q686K:N698H,-2.21025390625,EnsembleMLLR
Q686H:L705V,-3.3893249511718753,EnsembleMLLR
Q686H:M706K,-7.969531249999999,EnsembleMLLR
Q686H:M706L,3.55872802734375,EnsembleMLLR
Q686H:M706T,-2.315234375,EnsembleMLLR
Q686H:M706V,0.99609375,EnsembleMLLR
Q686H:N698D,-3.5576171875,EnsembleMLLR
Q686H:N698H,-2.0310546874999997,EnsembleMLLR
Q686H:N698I,-4.86142578125,EnsembleMLLR
Q686H:N698K,-2.2703125,EnsembleMLLR
Q686H:N698S,-0.18046875,EnsembleMLLR
Q686H:N698T,-2.1818359375,EnsembleMLLR
Q686H:N698Y,-3.789013671875,EnsembleMLLR
Q686H:S697A,-0.9234375,EnsembleMLLR
Q686H:S697L,-1.8134765625,EnsembleMLLR
Q686H:M706I,1.562109375,EnsembleMLLR
Q686K:N698I,-4.817333984375,EnsembleMLLR
Q686K:N698S,-0.3052734375,EnsembleMLLR
Q686K:N698Y,-3.450390625,EnsembleMLLR
Q686L:A713V,-1.1673828124999999,EnsembleMLLR
Q686L:A713T,-3.9914794921874996,EnsembleMLLR
Q686L:A713S,-5.656665039062499,EnsembleMLLR
Q686L:A713G,-4.0396972656250005,EnsembleMLLR
Q686L:A713E,-13.40947265625,EnsembleMLLR
Q686L:A701V,-2.556689453125,EnsembleMLLR
Q686L:A701T,-2.709033203125,EnsembleMLLR
Q686L:A701S,-3.8099609374999996,EnsembleMLLR
Q686L:A701E,-7.8980957031250005,EnsembleMLLR
Q686L:A692V,-1.21484375,EnsembleMLLR
Q686L:A692T,-0.96484375,EnsembleMLLR
Q686L:A692E,0.008203124999999978,EnsembleMLLR
Q686L,-1.212890625,EnsembleMLLR
Q686K:V711I,-0.6642578125,EnsembleMLLR
Q686K:V711D,-12.423046874999999,EnsembleMLLR
Q686K:V710I,-0.930078125,EnsembleMLLR
Q686K:V710D,-13.278515625,EnsembleMLLR
Q686K:V710A,0.19765625,EnsembleMLLR
Q686K:V707M,-2.942138671875,EnsembleMLLR
Q686K:V707E,-11.3587890625,EnsembleMLLR
Q686K:V707A,-1.7849609375000002,EnsembleMLLR
Q686K:V695M,-1.1382812500000001,EnsembleMLLR
Q686K:V695E,1.54765625,EnsembleMLLR
Q686K:V695A,0.8671875,EnsembleMLLR
Q686K:V689M,-1.262109375,EnsembleMLLR
Q686K:V689E,0.5824218750000001,EnsembleMLLR
Q686K:S697T,-0.31230468749999996,EnsembleMLLR
Q686K:S697P,-1.36875,EnsembleMLLR
Q686K:S697A,-0.5654296875,EnsembleMLLR
Q686H:S697P,-1.737890625,EnsembleMLLR
Q686H:S697T,-0.9169921875,EnsembleMLLR
Q686H:V689A,1.0248046875,EnsembleMLLR
Q686H:V689E,0.485546875,EnsembleMLLR
Q686K:D694G,-0.35566406250000004,EnsembleMLLR
Q686K:D694V,-1.4572265625,EnsembleMLLR
Q686K:E693D,-0.1255859375,EnsembleMLLR
Q686K:E693G,-0.6001953124999999,EnsembleMLLR
Q686K:E693V,-1.7912109374999998,EnsembleMLLR
Q686K:F690I,1.087109375,EnsembleMLLR
Q686K:F690L,1.4898437500000001,EnsembleMLLR
Q686K:F690Y,0.60859375,EnsembleMLLR
Q686K:F691C,-3.365625,EnsembleMLLR
Q686K:F691I,1.020703125,EnsembleMLLR
Q686K:F691L,1.8050781249999999,EnsembleMLLR
Q686K:F691S,3.43515625,EnsembleMLLR
Q686K:F691Y,0.39296875,EnsembleMLLR
Q686K:G696C,-6.57109375,EnsembleMLLR
Q686K:G696D,-0.316015625,EnsembleMLLR
Q686K:G696S,0.5580078125,EnsembleMLLR
Q686K:G700C,-9.59755859375,EnsembleMLLR
Q686K:G700D,-4.84345703125,EnsembleMLLR
Q686K:G704E,-12.085981750488282,EnsembleMLLR
Q686K:G708C,-3.9260498046875,EnsembleMLLR
Q686K:G708S,-3.6522460937499996,EnsembleMLLR
Q686K:G708V,-1.5890136718749999,EnsembleMLLR
Q686K:G709C,-4.060861206054688,EnsembleMLLR
Q686K:G709D,-11.314318847656251,EnsembleMLLR
Q686K:G709S,-3.33651123046875,EnsembleMLLR
Q686K:I702F,-3.705810546875,EnsembleMLLR
Q686K:I702N,-7.60654296875,EnsembleMLLR
Q686K:I702T,-3.1781249999999996,EnsembleMLLR
Q686K:I702V,-0.63251953125,EnsembleMLLR
Q686K:D694E,0.01972656249999999,EnsembleMLLR
Q686L:D694E,-0.7349609375,EnsembleMLLR
Q686K:A713V,-1.7725341796875,EnsembleMLLR
Q686K:A713S,-3.95732421875,EnsembleMLLR
Q686H:V689G,1.5955078125,EnsembleMLLR
Q686H:V689L,-0.33203125,EnsembleMLLR
Q686H:V689M,-1.2234375000000002,EnsembleMLLR
Q686H:V695A,0.697265625,EnsembleMLLR
Q686H:V695E,1.479296875,EnsembleMLLR
Q686H:V695G,1.241015625,EnsembleMLLR
Q686H:V695L,-0.96015625,EnsembleMLLR
Q686H:V695M,-1.297265625,EnsembleMLLR
Q686H:V707A,-1.9933105468749999,EnsembleMLLR
Q686H:V707E,-11.528173828125,EnsembleMLLR
Q686H:V707G,-4.840966796875,EnsembleMLLR
Q686H:V707M,-2.9595703125,EnsembleMLLR
Q686H:V710A,-0.9240234375,EnsembleMLLR
Q686H:V710D,-13.33720703125,EnsembleMLLR
Q686H:V710F,-3.52197265625,EnsembleMLLR
Q686H:V710I,-1.2240234375,EnsembleMLLR
Q686H:V710L,-0.1337890625,EnsembleMLLR
Q686H:V711A,0.39892578125,EnsembleMLLR
Q686H:V711D,-12.69453125,EnsembleMLLR
Q686H:V711G,-4.1138671874999995,EnsembleMLLR
Q686H:V711I,-1.0037109375,EnsembleMLLR
Q686H:V711L,-0.17275390625,EnsembleMLLR
Q686I,-1.52734375,EnsembleMLLR
Q686K,0.191796875,EnsembleMLLR
Q686K:A692E,0.563671875,EnsembleMLLR
Q686K:A692T,-0.11562499999999999,EnsembleMLLR
Q686K:A692V,-0.8937499999999999,EnsembleMLLR
Q686K:A701V,-1.9330566406250003,EnsembleMLLR
Q686K:A713E,-12.33599853515625,EnsembleMLLR
Q686K:A713T,-2.55517578125,EnsembleMLLR
Q686L:D694G,-1.6869140625,EnsembleMLLR
Q686L:D694N,-2.1484375,EnsembleMLLR
Q686L:D694V,-2.3837890625,EnsembleMLLR
Q686L:V695L,-1.181640625,EnsembleMLLR
Q686L:V695G,0.9011718750000001,EnsembleMLLR
Q686L:V695E,0.38886718750000004,EnsembleMLLR
Q686L:V695A,-0.09999999999999998,EnsembleMLLR
Q686L:V689M,-2.009765625,EnsembleMLLR
Q686L:V689L,-0.666796875,EnsembleMLLR
Q686L:V689G,1.069140625,EnsembleMLLR
Q686L:V689E,-0.03671874999999991,EnsembleMLLR
Q686L:V689A,0.65234375,EnsembleMLLR
Q686L:S697T,-1.5048828125,EnsembleMLLR
Q686L:S697P,-2.5646484375,EnsembleMLLR
Q686L:S697L,-1.2380859375000002,EnsembleMLLR
Q686L:N698Y,-4.58779296875,EnsembleMLLR
Q686L:N698S,-0.5380859375,EnsembleMLLR
Q686L:N698I,-5.920703125,EnsembleMLLR
Q686L:N698H,-2.9619140625,EnsembleMLLR
Q686L:N698D,-3.6986328125,EnsembleMLLR
Q686L:M706V,0.23300781250000013,EnsembleMLLR
Q686L:M706T,-3.2484374999999996,EnsembleMLLR
Q686L:M706L,3.39039306640625,EnsembleMLLR
Q686L:M706K,-9.079296874999999,EnsembleMLLR
Q686K:I703T,-4.9716796875,EnsembleMLLR
Q686L:L705V,-3.346954345703125,EnsembleMLLR
Q686L:L705R,-12.81668701171875,EnsembleMLLR
Q686L:L705P,-10.938909912109375,EnsembleMLLR
Q686L:L705I,-2.6673828125,EnsembleMLLR
Q686L:L705H,-13.295751953125,EnsembleMLLR
Q686L:L705F,-6.190277099609375,EnsembleMLLR
Q686L:L688S,1.08984375,EnsembleMLLR
Q686L:V695M,-2.304296875,EnsembleMLLR
Q686L:L688M,-1.40859375,EnsembleMLLR
Q686L:V707A,-3.01396484375,EnsembleMLLR
Q686L:V707G,-6.008447265625,EnsembleMLLR
Q686H:I703N,-11.91572265625,EnsembleMLLR
Q686H:I703T,-5.3539794921874995,EnsembleMLLR
Q686H:I703V,-1.9397216796874999,EnsembleMLLR
Q686H:I712K,-11.850195312499999,EnsembleMLLR
Q686H:I712L,1.5309570312499998,EnsembleMLLR
Q686H:I712M,-1.5728515625,EnsembleMLLR
Q686H:I712T,-3.9634765625,EnsembleMLLR
Q686H:I712V,0.4671875,EnsembleMLLR
Q686H:K687E,0.5843750000000001,EnsembleMLLR
Q686H:K687I,-1.64453125,EnsembleMLLR
Q686H:K687N,-0.201953125,EnsembleMLLR
Q686H:K687Q,-0.026171874999999983,EnsembleMLLR
Q686H:K687R,-0.328515625,EnsembleMLLR
Q686H:K687T,-0.230859375,EnsembleMLLR
Q686H:K699E,-5.056835937500001,EnsembleMLLR
Q686H:K699I,-4.05234375,EnsembleMLLR
Q686H:K699N,-2.9595703125,EnsembleMLLR
Q686H:K699R,0.58046875,EnsembleMLLR
Q686H:K699T,-0.9376953125,EnsembleMLLR
Q686H:L688F,-1.45546875,EnsembleMLLR
Q686H:L688M,-0.824609375,EnsembleMLLR
Q686H:L688S,1.8921875,EnsembleMLLR
Q686H:L705F,-5.33348388671875,EnsembleMLLR
Q686L:V710G,-2.6568359375,EnsembleMLLR
Q686L:V710F,-4.0345703125,EnsembleMLLR
Q686L:V710D,-13.71435546875,EnsembleMLLR
Q686L:V710A,-0.95634765625,EnsembleMLLR
Q686L:V707M,-3.265087890625,EnsembleMLLR
Q686L:V707L,-2.73046875,EnsembleMLLR
Q686L:V707E,-11.913281249999999,EnsembleMLLR
Q686H:I703F,-5.48466796875,EnsembleMLLR
Q686L:L688F,-2.5863281249999996,EnsembleMLLR
Q686L:K699R,-0.14169921875000002,EnsembleMLLR
Q686L:G704R,-12.889783096313476,EnsembleMLLR
Q686L:G704E,-13.352090454101562,EnsembleMLLR
Q686L:G704A,-5.709291839599609,EnsembleMLLR
Q686L:G700S,-1.7568847656250002,EnsembleMLLR
Q686L:G700D,-5.74130859375,EnsembleMLLR
Q686L:G700C,-9.794873046874999,EnsembleMLLR
Q686L:G700A,-1.96533203125,EnsembleMLLR
Q686L:G696V,-1.634375,EnsembleMLLR
Q686L:G696S,-0.7810546875,EnsembleMLLR
Q686L:G696D,-1.803125,EnsembleMLLR
Q686L:G696C,-7.3177734375000005,EnsembleMLLR
Q686L:G696A,-1.6201171875,EnsembleMLLR
Q686L:F691Y,-0.4640625,EnsembleMLLR
Q686L:F691V,1.630078125,EnsembleMLLR
Q686L:F691S,1.803515625,EnsembleMLLR
Q686L:F691L,0.96171875,EnsembleMLLR
Q686L:F691I,-0.039843749999999956,EnsembleMLLR
Q686L:F691C,-4.440625,EnsembleMLLR
Q686L:F690Y,-0.34375,EnsembleMLLR
Q686L:F690V,0.9499999999999997,EnsembleMLLR
Q686L:F690S,2.4585937500000004,EnsembleMLLR
Q686L:F690L,0.8484375,EnsembleMLLR
Q686L:F690I,0.1800781250000001,EnsembleMLLR
Q686L:F690C,-4.461328125,EnsembleMLLR
Q686L:E693V,-2.949609375,EnsembleMLLR
Q686L:E693K,-2.1324218750000004,EnsembleMLLR
Q686L:E693G,-1.0490234375,EnsembleMLLR
Q686L:E693D,-0.6761718750000001,EnsembleMLLR
Q686L:D694Y,-4.2234375,EnsembleMLLR
Q686L:G704V,-9.014099884033202,EnsembleMLLR
Q686L:K699T,-1.8416015625,EnsembleMLLR
Q686L:G708C,-4.861431884765626,EnsembleMLLR
Q686L:G708R,-11.5138671875,EnsembleMLLR
Q686L:K699N,-2.827734375,EnsembleMLLR
Q686L:K699I,-4.2361328125,EnsembleMLLR
Q686L:K699E,-5.1861328124999995,EnsembleMLLR
Q686L:K687T,-1.119140625,EnsembleMLLR
Q686L:K687R,-0.94609375,EnsembleMLLR
Q686L:K687N,-1.01953125,EnsembleMLLR
Q686L:K687I,-2.8531250000000004,EnsembleMLLR
Q686L:K687E,0.6000000000000001,EnsembleMLLR
Q686L:I712V,-0.22402343749999998,EnsembleMLLR
Q686L:I712T,-3.6742187499999996,EnsembleMLLR
Q686L:I712M,-1.93359375,EnsembleMLLR
Q686L:I712L,0.6942382812500001,EnsembleMLLR
Q686L:I712K,-11.4861328125,EnsembleMLLR
Q686L:I703V,-1.58310546875,EnsembleMLLR
Q686L:I703T,-6.4739990234375,EnsembleMLLR
Q686L:I703N,-12.7103271484375,EnsembleMLLR
Q686L:I703F,-6.392773437500001,EnsembleMLLR
Q686L:I702V,-1.98359375,EnsembleMLLR
Q686L:I702T,-4.73125,EnsembleMLLR
Q686L:I702N,-9.481494140625,EnsembleMLLR
Q686L:I702F,-4.73447265625,EnsembleMLLR
Q686L:G709V,-3.71324462890625,EnsembleMLLR
Q686L:G709S,-4.2940185546875,EnsembleMLLR
Q686L:G709R,-13.6730712890625,EnsembleMLLR
Q686L:G709D,-11.7921142578125,EnsembleMLLR
Q686L:G709C,-4.2037109375,EnsembleMLLR
Q686L:G709A,-2.095703125,EnsembleMLLR
Q686L:G708V,-3.4403808593750003,EnsembleMLLR
Q686L:G708S,-5.464953613281249,EnsembleMLLR
Q686L:G708D,-12.50419921875,EnsembleMLLR
Q686K:I703F,-5.8838623046875,EnsembleMLLR
Q686K:I703N,-11.7955078125,EnsembleMLLR
Q686K:L688F,-1.3726562500000001,EnsembleMLLR
Q686K:K699R,0.39736328125,EnsembleMLLR
K687T:V711A,-0.094482421875,EnsembleMLLR
K687E:K699E,-3.8210937499999997,EnsembleMLLR
K687E:I712V,1.5373046875,EnsembleMLLR
K687E:I712T,-1.9876953124999999,EnsembleMLLR
K687E:I712M,-0.318359375,EnsembleMLLR
K687E:I712L,2.29638671875,EnsembleMLLR
K687E:I712K,-10.2013671875,EnsembleMLLR
K687E:I703V,-0.6638427734375,EnsembleMLLR
K687E:I703T,-3.7566406249999997,EnsembleMLLR
K687E:I703N,-11.2535400390625,EnsembleMLLR
K687E:I703F,-3.97900390625,EnsembleMLLR
K687E:I702V,0.26904296875,EnsembleMLLR
K687E:I702T,-2.27333984375,EnsembleMLLR
K687E:I702N,-8.063183593749999,EnsembleMLLR
K687E:I702M,-0.9849609374999999,EnsembleMLLR
K687E:I702F,-2.8904296875,EnsembleMLLR
K687E:G709S,-2.32578125,EnsembleMLLR
K687E:G709D,-9.932763671875,EnsembleMLLR
K687E:G709C,-4.084228515625,EnsembleMLLR
K687E:G708V,-1.320068359375,EnsembleMLLR
K687E:G708S,-2.86697998046875,EnsembleMLLR
K687E:G708D,-10.88525390625,EnsembleMLLR
K687E:G708C,-2.4969970703124997,EnsembleMLLR
K687E:G704V,-6.360096740722656,EnsembleMLLR
K687E:G704R,-11.543287658691407,EnsembleMLLR
K687E:G704E,-11.357650756835938,EnsembleMLLR
K687E:G700S,-0.5387695312499999,EnsembleMLLR
K687E:G700D,-3.8566406250000003,EnsembleMLLR
K687E:K699I,-2.1021484375,EnsembleMLLR
K687E:K699N,-2.2396484374999996,EnsembleMLLR
K687E:K699R,1.430419921875,EnsembleMLLR
K687E:K699T,0.869921875,EnsembleMLLR
K687E:V695E,2.198828125,EnsembleMLLR
K687E:V695A,1.32578125,EnsembleMLLR
K687E:V689M,-0.20585937499999996,EnsembleMLLR
K687E:V689E,2.0208984375,EnsembleMLLR
K687E:V689A,2.4359374999999996,EnsembleMLLR
K687E:S697T,0.5283203125,EnsembleMLLR
K687E:S697P,-0.3912109375,EnsembleMLLR
K687E:S697L,0.06855468750000004,EnsembleMLLR
K687E:S697A,0.0048828125,EnsembleMLLR
K687E:N698Y,-3.2165039062500003,EnsembleMLLR
K687E:N698T,-0.39189453124999996,EnsembleMLLR
K687E:N698S,0.84140625,EnsembleMLLR
K687E:N698K,-0.5213867187500001,EnsembleMLLR
K687E:N698I,-3.5978515625000003,EnsembleMLLR
K687E:N698D,-2.5890625000000003,EnsembleMLLR
K687E:M706V,1.796484375,EnsembleMLLR
K687E:M706T,-1.2218750000000003,EnsembleMLLR
K687E:M706R,-7.7359375,EnsembleMLLR
K687E:M706L,4.8136352539062495,EnsembleMLLR
K687E:M706K,-7.907421875,EnsembleMLLR
K687E:M706I,1.795703125,EnsembleMLLR
K687E:L705P,-8.5819580078125,EnsembleMLLR
K687E:L705I,-1.980291748046875,EnsembleMLLR
K687E:L705H,-12.066259765625,EnsembleMLLR
K687E:L705F,-3.619921875,EnsembleMLLR
K687E:L688V,1.383203125,EnsembleMLLR
K687E:L688S,2.3421875,EnsembleMLLR
K687E:L688M,0.26484374999999993,EnsembleMLLR
K687E:L688F,-0.5703125,EnsembleMLLR
K687E:G700C,-8.862548828125,EnsembleMLLR
K687E:V695G,2.2482421875,EnsembleMLLR
K687E:G696V,-0.48359374999999993,EnsembleMLLR
K687E:G696D,0.5785156250000001,EnsembleMLLR
K687E:A692T,0.598828125,EnsembleMLLR
K687E:A692S,1.3171875000000002,EnsembleMLLR
K687E:A692E,1.3544921875,EnsembleMLLR
K687E,0.743359375,EnsembleMLLR
K687D,0.866015625,EnsembleMLLR
K687N:A701E,-6.2921386718750005,EnsembleMLLR
K687N:A701P,-2.953076171875,EnsembleMLLR
K687N:A701T,-1.4287109375,EnsembleMLLR
K687N:A701V,-1.9283203125,EnsembleMLLR
K687N:A713E,-11.8080078125,EnsembleMLLR
K687N:A713S,-3.963037109375,EnsembleMLLR
K687N:A713T,-2.863671875,EnsembleMLLR
K687N:A713V,-1.523828125,EnsembleMLLR
K687N:D694E,0.1189453125,EnsembleMLLR
K687N:D694G,-0.507421875,EnsembleMLLR
K687N:D694V,-1.4554687499999999,EnsembleMLLR
K687N:E693D,-0.07265625,EnsembleMLLR
K687N:E693G,-0.43945312500000006,EnsembleMLLR
K687N:E693V,-1.583984375,EnsembleMLLR
K687N:F690I,1.00078125,EnsembleMLLR
K687N:F690L,1.8488281249999998,EnsembleMLLR
K687N:F690S,3.6296875,EnsembleMLLR
K687N:F690Y,0.6160156250000001,EnsembleMLLR
K687N:F691C,-3.082421875,EnsembleMLLR
K687N:F691I,1.2847656250000001,EnsembleMLLR
K687N:F691L,1.76171875,EnsembleMLLR
K687N:F691S,3.1085937500000003,EnsembleMLLR
K687N:F691Y,0.443359375,EnsembleMLLR
K687N:G696A,-0.231640625,EnsembleMLLR
K687E:A692V,-0.262109375,EnsembleMLLR
K687E:G696S,1.441015625,EnsembleMLLR
K687E:A701E,-5.61259765625,EnsembleMLLR
K687E:A701S,-2.312744140625,EnsembleMLLR
K687E:G696C,-6.3232421875,EnsembleMLLR
K687E:G696A,0.068359375,EnsembleMLLR
K687E:F691Y,0.975,EnsembleMLLR
K687E:F691V,3.439453125,EnsembleMLLR
K687E:F691S,4.045703125,EnsembleMLLR
K687E:F691L,2.72265625,EnsembleMLLR
K687E:F691I,1.949609375,EnsembleMLLR
K687E:F691C,-2.893359375,EnsembleMLLR
K687E:F690Y,1.3458984374999998,EnsembleMLLR
K687E:F690S,4.0326171875,EnsembleMLLR
K687E:F690L,2.3625,EnsembleMLLR
K687E:F690I,1.6822265625,EnsembleMLLR
K687E:F690C,-2.9574218749999996,EnsembleMLLR
K687E:E693V,-0.336328125,EnsembleMLLR
K687E:E693K,-0.54296875,EnsembleMLLR
K687E:E693G,0.022656250000000044,EnsembleMLLR
K687E:E693D,0.6052734375,EnsembleMLLR
K687E:D694Y,-2.376171875,EnsembleMLLR
K687E:D694V,-0.8265625000000001,EnsembleMLLR
K687E:D694N,-0.12167968750000002,EnsembleMLLR
K687E:D694G,0.334375,EnsembleMLLR
K687E:D694E,0.814453125,EnsembleMLLR
K687E:A713V,-0.8350830078125,EnsembleMLLR
K687E:A713T,-2.3244140625000003,EnsembleMLLR
K687E:A713S,-2.406982421875,EnsembleMLLR
K687E:A713G,-2.8320556640625,EnsembleMLLR
K687E:A713E,-11.798779296874999,EnsembleMLLR
K687E:A701V,-0.19438476562499996,EnsembleMLLR
K687E:A701T,-1.2403808593749999,EnsembleMLLR
K687E:A701P,-1.7435546874999999,EnsembleMLLR
K687E:V695L,0.361328125,EnsembleMLLR
K687E:V695M,-0.35039062499999996,EnsembleMLLR
K687E:V707A,-1.1380859375,EnsembleMLLR
K687I:M706V,-0.35546875,EnsembleMLLR
K687I:M706T,-3.1078125,EnsembleMLLR
K687I:M706R,-9.838671875,EnsembleMLLR
K687I:M706L,2.12318115234375,EnsembleMLLR
K687I:M706I,0.10097656250000009,EnsembleMLLR
K687I:L705V,-4.504620361328125,EnsembleMLLR
K687I:L705P,-10.55872802734375,EnsembleMLLR
K687I:L705I,-3.628082275390625,EnsembleMLLR
K687I:L705H,-14.067498779296875,EnsembleMLLR
K687I:L705F,-6.3194213867187505,EnsembleMLLR
K687I:L688S,0.5703125,EnsembleMLLR
K687I:L688M,-2.158984375,EnsembleMLLR
K687I:L688F,-3.223828125,EnsembleMLLR
K687I:K699R,-0.8560546875,EnsembleMLLR
K687I:K699N,-4.8220703125,EnsembleMLLR
K687I:K699I,-4.787109375,EnsembleMLLR
K687I:K699E,-6.290234375,EnsembleMLLR
K687I:I712V,-0.552734375,EnsembleMLLR
K687I:I712T,-5.287890624999999,EnsembleMLLR
K687I:I712R,-12.796679687500001,EnsembleMLLR
K687I:I712M,-2.8552734375,EnsembleMLLR
K687I:I712L,-0.2054199218749999,EnsembleMLLR
K687I:I712K,-12.7515625,EnsembleMLLR
K687I:I703V,-3.1578857421875,EnsembleMLLR
K687I:I703T,-6.0673828125,EnsembleMLLR
K687I:I703N,-12.011669921875,EnsembleMLLR
K687I:I703F,-6.8408447265625,EnsembleMLLR
K687I:I702V,-2.34453125,EnsembleMLLR
K687I:I702T,-5.219921875,EnsembleMLLR
K687I:N698D,-4.874609375,EnsembleMLLR
K687I:I702N,-9.74794921875,EnsembleMLLR
K687I:N698I,-6.26064453125,EnsembleMLLR
K687I:N698Y,-6.2464111328125,EnsembleMLLR
K687N:A692G,0.377734375,EnsembleMLLR
K687N:A692E,0.7748046875,EnsembleMLLR
K687N,0.264453125,EnsembleMLLR
K687M,-1.335546875,EnsembleMLLR
K687L,-1.043359375,EnsembleMLLR
K687I:V711L,-2.00185546875,EnsembleMLLR
K687I:V711I,-2.6134765625,EnsembleMLLR
K687I:V711G,-4.7470703125,EnsembleMLLR
K687I:V711D,-14.238671875,EnsembleMLLR
K687I:V711A,-2.9041015625,EnsembleMLLR
K687I:V710I,-3.0166992187500004,EnsembleMLLR
K687I:V710D,-14.4576171875,EnsembleMLLR
K687I:V710A,-2.86572265625,EnsembleMLLR
K687I:V707M,-4.57587890625,EnsembleMLLR
K687I:V707G,-6.72744140625,EnsembleMLLR
K687I:V707E,-13.104199218749999,EnsembleMLLR
K687I:V707A,-4.112963867187499,EnsembleMLLR
K687I:V695M,-2.6203125,EnsembleMLLR
K687I:V695L,-1.94140625,EnsembleMLLR
K687I:V695G,-0.42363281249999996,EnsembleMLLR
K687I:V695E,-0.125,EnsembleMLLR
K687I:V695A,-1.21640625,EnsembleMLLR
K687I:V689M,-3.142578125,EnsembleMLLR
K687I:V689G,0.10761718749999982,EnsembleMLLR
K687I:V689E,-1.530078125,EnsembleMLLR
K687I:V689A,0.345703125,EnsembleMLLR
K687I:S697T,-2.4076171875,EnsembleMLLR
K687I:S697P,-2.5990234375,EnsembleMLLR
K687I:S697L,-2.1375,EnsembleMLLR
K687I:N698S,-2.500341796875,EnsembleMLLR
K687I:I702F,-5.261328125,EnsembleMLLR
K687I:G709S,-4.2986328125,EnsembleMLLR
K687I:G709D,-12.4046142578125,EnsembleMLLR
K687I:D694E,-1.18984375,EnsembleMLLR
K687I:A713V,-2.12412109375,EnsembleMLLR
K687I:A713T,-4.065673828125,EnsembleMLLR
K687I:A713S,-5.5104248046875,EnsembleMLLR
K687I:A701V,-2.2743164062499996,EnsembleMLLR
K687I:A701T,-3.65068359375,EnsembleMLLR
K687I:A701S,-4.608642578125,EnsembleMLLR
K687I:A701P,-3.597509765625,EnsembleMLLR
K687I:A701G,-5.413623046875,EnsembleMLLR
K687I:A692V,-2.597265625,EnsembleMLLR
K687I:A692T,-1.7921875,EnsembleMLLR
K687I:A692G,-0.8642578125,EnsembleMLLR
K687I:A692E,-0.9488281249999999,EnsembleMLLR
K687I,-1.817578125,EnsembleMLLR
K687H,-0.387890625,EnsembleMLLR
K687G,1.4658203125,EnsembleMLLR
K687E:V711L,1.09091796875,EnsembleMLLR
K687E:V711I,0.2935546875,EnsembleMLLR
K687E:V711F,-1.6503906250000002,EnsembleMLLR
K687E:V711D,-11.935351562500001,EnsembleMLLR
K687E:V711A,1.13349609375,EnsembleMLLR
K687E:V710I,0.04375000000000007,EnsembleMLLR
K687E:V710F,-2.0423828125,EnsembleMLLR
K687E:V710D,-12.717480468749999,EnsembleMLLR
K687E:V710A,0.11044921875000002,EnsembleMLLR
K687E:V707M,-2.428857421875,EnsembleMLLR
K687E:V707L,-1.4003417968749998,EnsembleMLLR
K687E:V707G,-4.64833984375,EnsembleMLLR
K687E:V707E,-10.817919921875,EnsembleMLLR
K687I:D694G,-2.2240234375,EnsembleMLLR
K687I:D694N,-2.41796875,EnsembleMLLR
K687I:D694V,-3.173046875,EnsembleMLLR
K687I:D694Y,-4.471484375,EnsembleMLLR
K687I:G709C,-6.095703125,EnsembleMLLR
K687I:G708V,-3.705419921875,EnsembleMLLR
K687I:G708S,-4.9408203125,EnsembleMLLR
K687I:G708D,-12.9546142578125,EnsembleMLLR
K687I:G708C,-5.9941162109375,EnsembleMLLR
K687I:G704V,-10.390966033935547,EnsembleMLLR
K687I:G704R,-13.90836296081543,EnsembleMLLR
K687I:G704E,-13.402731704711915,EnsembleMLLR
K687I:G700D,-6.4965576171875,EnsembleMLLR
K687I:G700C,-11.289013671875,EnsembleMLLR
K687I:G696V,-2.616015625,EnsembleMLLR
K687I:G696S,-0.29121093749999993,EnsembleMLLR
K687I:G696R,-3.110546875,EnsembleMLLR
K687I:G696D,-1.7646484375,EnsembleMLLR
K687N:G696C,-7.086328125,EnsembleMLLR
K687I:G696C,-8.5189453125,EnsembleMLLR
K687I:F691V,1.4117187500000001,EnsembleMLLR
K687I:F691S,1.88984375,EnsembleMLLR
K687I:F691L,-0.26835937499999996,EnsembleMLLR
K687I:F691I,-0.6097656250000001,EnsembleMLLR
K687I:F691C,-4.919921875,EnsembleMLLR
K687I:F690Y,-1.3742187499999998,EnsembleMLLR
K687I:F690V,0.4722656249999999,EnsembleMLLR
K687I:F690S,1.5873046874999999,EnsembleMLLR
K687I:F690L,-0.55859375,EnsembleMLLR
K687I:F690I,-0.8804687499999999,EnsembleMLLR
K687I:F690C,-5.973046875,EnsembleMLLR
K687I:E693V,-3.7775390625,EnsembleMLLR
K687I:E693G,-1.86875,EnsembleMLLR
K687I:E693D,-1.587890625,EnsembleMLLR
K687I:F691Y,-1.215234375,EnsembleMLLR
K687N:G696D,-0.6791015625,EnsembleMLLR
K687N:G696S,0.6267578125000001,EnsembleMLLR
K687N:G700C,-10.2080322265625,EnsembleMLLR
K687R:I703N,-10.182153320312501,EnsembleMLLR
K687R:I703T,-5.264990234375,EnsembleMLLR
K687R:I703V,-1.1767578125,EnsembleMLLR
K687R:I712K,-11.030468749999999,EnsembleMLLR
K687R:I712L,0.9671875,EnsembleMLLR
K687R:I712M,-1.0375,EnsembleMLLR
K687R:I712T,-3.5546875,EnsembleMLLR
K687R:I712V,0.8439453124999999,EnsembleMLLR
K687R:K699E,-5.328125,EnsembleMLLR
K687R:K699I,-3.6697265625,EnsembleMLLR
K687R:K699N,-3.18095703125,EnsembleMLLR
K687R:K699R,0.19374999999999998,EnsembleMLLR
K687R:L688F,-1.4078125000000001,EnsembleMLLR
K687R:I703F,-5.34027099609375,EnsembleMLLR
K687R:L688M,-0.684375,EnsembleMLLR
K687R:L705F,-4.8450683593749995,EnsembleMLLR
K687R:L705H,-11.76416015625,EnsembleMLLR
K687R:L705I,-2.2921142578125,EnsembleMLLR
K687R:L705P,-9.424670410156251,EnsembleMLLR
K687R:M706I,1.198046875,EnsembleMLLR
K687R:M706K,-8.465625,EnsembleMLLR
K687R:M706L,3.3487060546875003,EnsembleMLLR
K687R:M706T,-1.622265625,EnsembleMLLR
K687R:M706V,1.5921874999999999,EnsembleMLLR
K687R:N698D,-3.0703125,EnsembleMLLR
K687R:N698H,-2.03046875,EnsembleMLLR
K687R:N698I,-4.840624999999999,EnsembleMLLR
K687R:N698S,-0.4803955078125,EnsembleMLLR
K687R:L688S,1.51796875,EnsembleMLLR
K687R:I702V,-0.763671875,EnsembleMLLR
K687R:I702T,-3.43857421875,EnsembleMLLR
K687R:I702N,-8.58125,EnsembleMLLR
K687R:E693K,-1.3875000000000002,EnsembleMLLR
K687R:E693V,-1.5056640625,EnsembleMLLR
K687R:F690I,0.801953125,EnsembleMLLR
K687R:F690L,1.396875,EnsembleMLLR
K687R:F690Y,0.48945312500000004,EnsembleMLLR
K687R:F691C,-3.0640625,EnsembleMLLR
K687R:F691I,0.97734375,EnsembleMLLR
K687R:F691L,1.6234374999999999,EnsembleMLLR
K687R:F691S,2.795703125,EnsembleMLLR
K687R:F691Y,0.205078125,EnsembleMLLR
K687R:G696C,-6.7435546875,EnsembleMLLR
K687R:G696D,-0.615625,EnsembleMLLR
K687R:G696R,-1.7029296875,EnsembleMLLR
K687R:G696S,0.7470703125,EnsembleMLLR
K687R:G700C,-9.6015625,EnsembleMLLR
K687R:G700D,-4.88134765625,EnsembleMLLR
K687R:G704E,-12.265100860595703,EnsembleMLLR
K687R:G704R,-12.876479148864746,EnsembleMLLR
K687R:G704V,-8.47130889892578,EnsembleMLLR
K687R:G708C,-4.053125,EnsembleMLLR
K687R:G708D,-11.759960937499999,EnsembleMLLR
K687R:G708S,-3.78145751953125,EnsembleMLLR
K687R:G708V,-1.3147460937500002,EnsembleMLLR
K687R:G709C,-3.902880859375,EnsembleMLLR
K687R:G709D,-11.4365478515625,EnsembleMLLR
K687R:G709R,-12.30635986328125,EnsembleMLLR
K687R:G709S,-3.1731201171875,EnsembleMLLR
K687R:G709V,-2.5935302734374996,EnsembleMLLR
K687R:I702F,-4.35087890625,EnsembleMLLR
K687R:N698T,-0.8474609375,EnsembleMLLR
K687R:N698Y,-3.9302734375,EnsembleMLLR
K687R:S697L,-1.38515625,EnsembleMLLR
K687R:S697P,-1.4794921875,EnsembleMLLR
K687T:G708C,-4.1148193359375,EnsembleMLLR
K687T:G708S,-3.61416015625,EnsembleMLLR
K687T:G709C,-4.2862060546875,EnsembleMLLR
K687T:G709D,-11.427587890624999,EnsembleMLLR
K687T:I702F,-3.0334960937499997,EnsembleMLLR
K687T:I702V,-0.68720703125,EnsembleMLLR
K687T:I703T,-5.3512207031250005,EnsembleMLLR
K687T:I712L,1.53525390625,EnsembleMLLR
K687T:I712T,-3.1,EnsembleMLLR
K687T:I712V,0.98134765625,EnsembleMLLR
K687T:K699E,-4.496484375,EnsembleMLLR
K687T:K699I,-2.5396484375,EnsembleMLLR
K687T:K699N,-2.550390625,EnsembleMLLR
K687T:K699R,0.007031249999999989,EnsembleMLLR
K687T:L688W,-3.9875,EnsembleMLLR
K687T:L705H,-12.44375,EnsembleMLLR
K687T:L705P,-10.0949951171875,EnsembleMLLR
K687T:M706L,3.7583129882812503,EnsembleMLLR
K687T:M706V,1.2507812500000002,EnsembleMLLR
K687T:N698D,-2.81884765625,EnsembleMLLR
K687T:N698Y,-3.56474609375,EnsembleMLLR
K687T:S697T,-1.0669921875,EnsembleMLLR
K687T:V689L,-0.646875,EnsembleMLLR
K687T:V695A,0.81796875,EnsembleMLLR
K687T:V695E,1.612109375,EnsembleMLLR
K687T:V707A,-1.99189453125,EnsembleMLLR
K687T:V707E,-11.08681640625,EnsembleMLLR
K687T:V710D,-13.4638671875,EnsembleMLLR
K687Y,-2.469921875,EnsembleMLLR
K687T:G700C,-8.5205078125,EnsembleMLLR
K687R:E693G,-0.6222656249999999,EnsembleMLLR
K687T:F691Y,0.317578125,EnsembleMLLR
K687T:F691L,1.616015625,EnsembleMLLR
K687R:S697T,-1.006640625,EnsembleMLLR
K687R:V689A,0.9896484375000001,EnsembleMLLR
K687R:V689E,0.816015625,EnsembleMLLR
K687R:V689M,-1.3937499999999998,EnsembleMLLR
K687R:V695A,0.7523437500000001,EnsembleMLLR
K687R:V695E,1.3052734375,EnsembleMLLR
K687R:V695G,1.3003906250000001,EnsembleMLLR
K687R:V695M,-1.142578125,EnsembleMLLR
K687R:V707A,-2.8716552734375003,EnsembleMLLR
K687R:V707E,-11.3388671875,EnsembleMLLR
K687R:V707G,-5.4805664062499995,EnsembleMLLR
K687R:V707L,-1.4469238281249999,EnsembleMLLR
K687R:V707M,-2.908203125,EnsembleMLLR
K687R:V710A,-0.43955078125,EnsembleMLLR
K687R:V710D,-13.05966796875,EnsembleMLLR
K687R:V710I,-0.9330078125,EnsembleMLLR
K687R:V711A,1.128466796875,EnsembleMLLR
K687R:V711D,-13.221875,EnsembleMLLR
K687R:V711I,-0.9603515625,EnsembleMLLR
K687S,0.8921875,EnsembleMLLR
K687T,-0.0859375,EnsembleMLLR
K687T:A692T,-0.2078125,EnsembleMLLR
K687T:A692V,-1.008203125,EnsembleMLLR
K687T:A701T,-2.2577392578125,EnsembleMLLR
K687T:A713V,-1.2942626953124998,EnsembleMLLR
K687T:D694E,0.09492187499999999,EnsembleMLLR
K687T:E693G,-0.6625,EnsembleMLLR
K687T:F690I,0.7605468750000001,EnsembleMLLR
K687T:F691I,1.05390625,EnsembleMLLR
K687T:F691S,3.17265625,EnsembleMLLR
K687R:E693D,-0.131640625,EnsembleMLLR
K687R:E693A,-0.9052734375,EnsembleMLLR
K687R:D694V,-1.8087890625,EnsembleMLLR
K687N:L705H,-12.48621826171875,EnsembleMLLR
K687N:L705I,-2.35638427734375,EnsembleMLLR
K687N:L705P,-9.1745849609375,EnsembleMLLR
K687N:M706I,1.5244140625,EnsembleMLLR
K687N:M706K,-8.428125000000001,EnsembleMLLR
K687N:M706L,3.868609619140625,EnsembleMLLR
K687N:M706T,-2.10390625,EnsembleMLLR
K687N:M706V,1.6693359375,EnsembleMLLR
K687N:N698D,-3.0876953125,EnsembleMLLR
K687N:N698I,-4.80546875,EnsembleMLLR
K687N:N698K,-1.9616210937499998,EnsembleMLLR
K687N:N698S,0.17460937499999998,EnsembleMLLR
K687N:N698Y,-3.93173828125,EnsembleMLLR
K687N:S697L,-0.8103515625,EnsembleMLLR
K687N:S697P,-1.3115234375,EnsembleMLLR
K687N:S697T,-0.804296875,EnsembleMLLR
K687N:V689A,1.5574218750000002,EnsembleMLLR
K687N:V689E,0.80625,EnsembleMLLR
K687N:V689M,-1.1246093750000001,EnsembleMLLR
K687N:V695A,0.9632812500000001,EnsembleMLLR
K687N:V695E,1.4945312499999999,EnsembleMLLR
K687N:V695G,1.0904296875000001,EnsembleMLLR
K687N:V695M,-0.7992187500000001,EnsembleMLLR
K687N:V707A,-1.68798828125,EnsembleMLLR
K687N:V707E,-11.288232421875,EnsembleMLLR
K687N:V707G,-4.91298828125,EnsembleMLLR
K687N:V707M,-2.7140625000000003,EnsembleMLLR
K687N:V710A,0.2087890625,EnsembleMLLR
K687N:V710D,-12.9521484375,EnsembleMLLR
K687N:L705F,-4.82989501953125,EnsembleMLLR
K687N:V710I,-0.8686523437500001,EnsembleMLLR
K687N:L688S,2.1808593750000003,EnsembleMLLR
K687N:L688F,-1.4000000000000001,EnsembleMLLR
K687N:G700D,-4.883251953125,EnsembleMLLR
K687N:G700R,-5.050146484375,EnsembleMLLR
K687N:G704E,-12.063630676269531,EnsembleMLLR
K687N:G704R,-11.89498519897461,EnsembleMLLR
K687N:G704V,-9.561234664916991,EnsembleMLLR
K687N:G708C,-4.268017578125,EnsembleMLLR
K687N:G708D,-10.8442626953125,EnsembleMLLR
K687N:G708S,-3.0005371093749997,EnsembleMLLR
K687N:G708V,-0.9683593749999999,EnsembleMLLR
K687N:G709C,-3.5333984375,EnsembleMLLR
K687N:G709D,-10.958447265625,EnsembleMLLR
K687N:G709S,-3.61353759765625,EnsembleMLLR
K687N:I702F,-2.96396484375,EnsembleMLLR
K687N:I702N,-7.99951171875,EnsembleMLLR
K687N:I702T,-3.3918945312499997,EnsembleMLLR
K687N:I702V,-0.27421874999999996,EnsembleMLLR
K687N:I703F,-5.8428466796875,EnsembleMLLR
K687N:I703N,-11.719702148437499,EnsembleMLLR
K687N:I703T,-5.0985595703125,EnsembleMLLR
K687N:I703V,-1.146826171875,EnsembleMLLR
K687N:I712K,-11.417187499999999,EnsembleMLLR
K687N:I712L,1.4515624999999999,EnsembleMLLR
K687N:I712M,-1.009765625,EnsembleMLLR
K687N:I712T,-3.2484375,EnsembleMLLR
K687N:I712V,0.9021484375,EnsembleMLLR
K687N:K699E,-4.98984375,EnsembleMLLR
K687N:K699I,-2.4599609375,EnsembleMLLR
K687N:K699N,-2.2763671875,EnsembleMLLR
K687N:K699R,0.4638671875,EnsembleMLLR
K687N:L688M,-0.48203124999999997,EnsembleMLLR
K687T:V711D,-13.1337890625,EnsembleMLLR
K687N:V711A,1.0328369140625,EnsembleMLLR
K687N:V711I,-0.9664062499999999,EnsembleMLLR
K687Q:L705P,-9.3111083984375,EnsembleMLLR
K687Q:M706I,1.7015625,EnsembleMLLR
K687Q:M706K,-7.878515625,EnsembleMLLR
K687Q:N698D,-3.133203125,EnsembleMLLR
K687Q:S697P,-1.8402343749999999,EnsembleMLLR
K687Q:S697T,-0.5482421875,EnsembleMLLR
K687Q:V689A,1.619140625,EnsembleMLLR
K687Q:V695E,1.9134765625,EnsembleMLLR
K687Q:V707E,-11.370703125,EnsembleMLLR
K687Q:V710A,-0.5234375,EnsembleMLLR
K687Q:V711A,0.9505371093749999,EnsembleMLLR
K687Q:V711D,-12.9623046875,EnsembleMLLR
K687R,-0.06015625,EnsembleMLLR
K687R:A692E,0.515625,EnsembleMLLR
K687R:A692G,0.2478515625,EnsembleMLLR
K687R:A692T,-0.11875,EnsembleMLLR
K687R:A692V,-1.060546875,EnsembleMLLR
K687R:A701E,-7.18515625,EnsembleMLLR
K687R:A701S,-3.156005859375,EnsembleMLLR
K687R:A701T,-2.1584960937499997,EnsembleMLLR
K687R:A701V,-1.059521484375,EnsembleMLLR
K687R:A713E,-12.339208984375,EnsembleMLLR
K687R:A713G,-3.5303955078125,EnsembleMLLR
K687R:A713S,-4.380078125,EnsembleMLLR
K687R:A713T,-2.9754882812499996,EnsembleMLLR
K687R:A713V,-1.698779296875,EnsembleMLLR
K687R:D694E,-0.1732421875,EnsembleMLLR
K687R:D694G,-0.3091796875,EnsembleMLLR
K687R:D694N,-1.0759765625,EnsembleMLLR
K687Q:L705H,-12.372338867187501,EnsembleMLLR
K687N:V711D,-12.916210937499999,EnsembleMLLR
K687Q:L688S,1.9781250000000001,EnsembleMLLR
K687Q:K699R,0.533251953125,EnsembleMLLR
K687Q,0.169140625,EnsembleMLLR
K687Q:A692V,-0.8078124999999999,EnsembleMLLR
K687Q:E693D,-0.07714843749999999,EnsembleMLLR
K687Q:E693V,-1.7451171875,EnsembleMLLR
K687Q:F690I,0.792578125,EnsembleMLLR
K687Q:F690L,1.1011718750000001,EnsembleMLLR
K687Q:F691I,1.194140625,EnsembleMLLR
K687Q:F691L,1.735546875,EnsembleMLLR
K687Q:F691Y,0.29804687500000004,EnsembleMLLR
K687Q:G696C,-6.25625,EnsembleMLLR
K687Q:G696R,-1.1683593749999999,EnsembleMLLR
K687Q:G696V,-1.1058593749999999,EnsembleMLLR
K687Q:G700C,-8.9713134765625,EnsembleMLLR
K687Q:G704R,-11.729949188232421,EnsembleMLLR
K687Q:G708C,-3.6251953125,EnsembleMLLR
K687Q:G708D,-11.65341796875,EnsembleMLLR
K687Q:G709C,-4.762603759765625,EnsembleMLLR
K687Q:G709S,-2.769189453125,EnsembleMLLR
K687Q:I702F,-3.7795898437499997,EnsembleMLLR
K687Q:I702T,-3.761083984375,EnsembleMLLR
K687Q:I703F,-4.7119140625,EnsembleMLLR
K687Q:I703N,-12.1922119140625,EnsembleMLLR
K687Q:I703T,-4.705810546875,EnsembleMLLR
K687Q:I712K,-11.3765625,EnsembleMLLR
K687Q:I712L,1.952685546875,EnsembleMLLR
K687Q:I712T,-2.6148437500000004,EnsembleMLLR
K687Q:I712V,0.794921875,EnsembleMLLR
K687Q:K699E,-3.9503906250000003,EnsembleMLLR
K687Q:K699I,-3.1255859375,EnsembleMLLR
K687Q:L688M,-0.8226562500000001,EnsembleMLLR
K687V,-0.8703125,EnsembleMLLR
K687N:A692V,-0.587890625,EnsembleMLLR
K687N:A692T,-0.1234375,EnsembleMLLR
L688Y,-1.178125,EnsembleMLLR
L688M:G704V,-9.18307456970215,EnsembleMLLR
L688M:G708C,-3.93681640625,EnsembleMLLR
L688M:G708D,-12.90380859375,EnsembleMLLR
L688M:G708S,-3.6560546875,EnsembleMLLR
L688M:G709C,-4.4379150390625,EnsembleMLLR
L688M:G709D,-12.252099609375,EnsembleMLLR
L688M:G709R,-13.401318359375,EnsembleMLLR
L688M:G709S,-2.9189453125,EnsembleMLLR
L688M:G709V,-2.2843994140625,EnsembleMLLR
L688M:I702F,-4.2974609375,EnsembleMLLR
L688M:I702N,-8.82265625,EnsembleMLLR
L688M:I702T,-3.96484375,EnsembleMLLR
L688M:I702V,-1.2138671875,EnsembleMLLR
L688M:I703F,-5.2762695312500005,EnsembleMLLR
L688M:I703N,-12.399072265625,EnsembleMLLR
L688M:I703T,-5.4328857421875005,EnsembleMLLR
L688M:I703V,-2.3254150390625004,EnsembleMLLR
L688M:I712K,-12.5607421875,EnsembleMLLR
L688M:I712L,0.4276367187500001,EnsembleMLLR
L688M:I712M,-2.073828125,EnsembleMLLR
L688M:I712T,-3.499609375,EnsembleMLLR
L688M:I712V,0.19199218750000002,EnsembleMLLR
L688M:K699E,-5.8275390625,EnsembleMLLR
L688M:K699I,-3.198828125,EnsembleMLLR
L688M:K699N,-3.47734375,EnsembleMLLR
L688M:G704R,-12.68870506286621,EnsembleMLLR
L688M:G704E,-13.698004150390624,EnsembleMLLR
L688M:G704A,-4.6030315399169925,EnsembleMLLR
L688M:G700V,-4.309033203125,EnsembleMLLR
L688M:A713S,-5.42451171875,EnsembleMLLR
L688M:A713T,-3.33515625,EnsembleMLLR
L688M:A713V,-2.087841796875,EnsembleMLLR
L688M:D694E,-0.6986328125000001,EnsembleMLLR
L688M:D694G,-1.1916015625,EnsembleMLLR
L688M:D694N,-1.4705078125,EnsembleMLLR
L688M:D694V,-2.435546875,EnsembleMLLR
L688M:D694Y,-3.3812499999999996,EnsembleMLLR
L688M:E693D,-0.7015625000000001,EnsembleMLLR
L688M:E693G,-1.2373046875,EnsembleMLLR
L688M:E693V,-3.0431640625,EnsembleMLLR
L688M:F690I,0.1875,EnsembleMLLR
L688M:K699R,-0.025976562500000022,EnsembleMLLR
L688M:F690L,0.76171875,EnsembleMLLR
L688M:F690Y,-0.507421875,EnsembleMLLR
L688M:F691I,0.765234375,EnsembleMLLR
L688M:F691L,1.017578125,EnsembleMLLR
L688M:F691S,2.4144531249999996,EnsembleMLLR
L688M:F691V,1.7433593750000003,EnsembleMLLR
L688M:F691Y,-0.30585937500000004,EnsembleMLLR
L688M:G696C,-8.01953125,EnsembleMLLR
L688M:G696D,-0.834375,EnsembleMLLR
L688M:G696S,-0.07167968750000009,EnsembleMLLR
L688M:G700C,-10.235644531250001,EnsembleMLLR
L688M:G700D,-5.411376953125,EnsembleMLLR
L688M:G700S,-2.625439453125,EnsembleMLLR
L688M:F690S,1.756640625,EnsembleMLLR
L688M:L705F,-5.0416015625,EnsembleMLLR
L688M:L705H,-13.0147705078125,EnsembleMLLR
L688M:L705I,-2.28994140625,EnsembleMLLR
L688M:V711A,0.31572265624999996,EnsembleMLLR
L688M:V711D,-13.05615234375,EnsembleMLLR
L688M:V711I,-1.43125,EnsembleMLLR
L688P,1.328515625,EnsembleMLLR
L688Q,0.338671875,EnsembleMLLR
L688S,1.837109375,EnsembleMLLR
L688S:A692E,2.626171875,EnsembleMLLR
L688S:A692T,1.65625,EnsembleMLLR
L688S:A692V,0.9285156250000001,EnsembleMLLR
L688S:A701E,-5.1009765625,EnsembleMLLR
L688S:A701T,-0.202880859375,EnsembleMLLR
L688S:A701V,0.49907226562499996,EnsembleMLLR
L688S:A713E,-10.639453125,EnsembleMLLR
L688S:A713S,-2.7193115234375,EnsembleMLLR
L688S:A713T,-0.7188964843750001,EnsembleMLLR
L688S:A713V,0.81181640625,EnsembleMLLR
L688S:D694E,1.8156249999999998,EnsembleMLLR
L688S:D694G,1.5125000000000002,EnsembleMLLR
L688S:D694N,0.67109375,EnsembleMLLR
L688S:D694V,0.15449218749999982,EnsembleMLLR
L688S:D694Y,-1.56953125,EnsembleMLLR
L688S:E693D,1.5828125,EnsembleMLLR
L688S:E693G,0.7869140625000001,EnsembleMLLR
L688S:E693K,0.3087890624999998,EnsembleMLLR
L688S:E693V,0.009765625,EnsembleMLLR
L688M:V710I,-1.89091796875,EnsembleMLLR
L688M:V710D,-13.05908203125,EnsembleMLLR
L688M:V710A,-0.8792968750000001,EnsembleMLLR
L688M:V707M,-3.5205078125,EnsembleMLLR
L688M:L705P,-10.24964599609375,EnsembleMLLR
L688M:L705R,-12.953161621093749,EnsembleMLLR
L688M:M706I,0.875,EnsembleMLLR
L688M:M706K,-8.808984375,EnsembleMLLR
L688M:M706L,2.8541748046875,EnsembleMLLR
L688M:M706T,-3.4468750000000004,EnsembleMLLR
L688M:M706V,0.6554687499999999,EnsembleMLLR
L688M:N698D,-3.9833007812499996,EnsembleMLLR
L688M:N698H,-2.82333984375,EnsembleMLLR
L688M:N698I,-5.302929687500001,EnsembleMLLR
L688M:N698K,-3.21826171875,EnsembleMLLR
L688M:N698S,-1.654443359375,EnsembleMLLR
L688M:A713G,-4.4597900390625,EnsembleMLLR
L688M:N698T,-1.8134765625,EnsembleMLLR
L688M:S697L,-1.7439453125,EnsembleMLLR
L688M:S697P,-1.7029296875000002,EnsembleMLLR
L688M:S697T,-1.0435546875,EnsembleMLLR
L688M:V689A,0.9673828125,EnsembleMLLR
L688M:V689E,-0.25859375,EnsembleMLLR
L688M:V689G,0.798828125,EnsembleMLLR
L688M:V689M,-1.8214843749999998,EnsembleMLLR
L688M:V695A,0.26250000000000007,EnsembleMLLR
L688M:V695E,0.808984375,EnsembleMLLR
L688M:V695M,-1.755859375,EnsembleMLLR
L688M:V707A,-2.205908203125,EnsembleMLLR
L688M:V707E,-12.303173828125,EnsembleMLLR
L688M:N698Y,-4.918310546875,EnsembleMLLR
L688M:A713E,-12.746777343749999,EnsembleMLLR
L688M:A701V,-2.450732421875,EnsembleMLLR
L688M:A701T,-2.6678222656250004,EnsembleMLLR
L688F:F691S,2.001171875,EnsembleMLLR
L688F:F691Y,-1.062890625,EnsembleMLLR
L688F:G696C,-7.764843750000001,EnsembleMLLR
L688F:G696R,-3.494140625,EnsembleMLLR
L688F:G696S,-0.919140625,EnsembleMLLR
L688F:G700C,-11.3494384765625,EnsembleMLLR
L688F:G700D,-5.95517578125,EnsembleMLLR
L688F:G700S,-3.850048828125,EnsembleMLLR
L688F:G704E,-13.197074890136719,EnsembleMLLR
L688F:G704R,-14.321669006347657,EnsembleMLLR
L688F:G708C,-6.346435546875,EnsembleMLLR
L688F:G708D,-13.040478515625,EnsembleMLLR
L688F:G708S,-4.465039062500001,EnsembleMLLR
L688F:G708V,-3.27314453125,EnsembleMLLR
L688F:G709C,-5.40401611328125,EnsembleMLLR
L688F:G709D,-13.3552978515625,EnsembleMLLR
L688F:G709S,-3.982861328125,EnsembleMLLR
L688F:I702F,-5.013867187500001,EnsembleMLLR
L688F:I702N,-8.0892578125,EnsembleMLLR
L688F:I702T,-3.8534179687499996,EnsembleMLLR
L688F:I702V,-2.0595703125,EnsembleMLLR
L688F:I703F,-5.6866455078125,EnsembleMLLR
L688F:I703N,-12.2918701171875,EnsembleMLLR
L688F:I703T,-6.427050781249999,EnsembleMLLR
L688F:I703V,-2.5660888671875,EnsembleMLLR
L688F:F691L,0.2308593750000001,EnsembleMLLR
L688F:F691I,-0.14570312499999982,EnsembleMLLR
L688F:F690Y,-0.858984375,EnsembleMLLR
L688F:F690V,0.545703125,EnsembleMLLR
L688C,-5.433203125,EnsembleMLLR
L688F,-1.4140625,EnsembleMLLR
L688F:A692S,-0.9691406249999999,EnsembleMLLR
L688F:A692T,-1.519140625,EnsembleMLLR
L688F:A692V,-2.0828125,EnsembleMLLR
L688F:A701E,-8.576904296875,EnsembleMLLR
L688F:A701G,-5.1736328125,EnsembleMLLR
L688F:A701P,-3.920703125,EnsembleMLLR
L688F:A701S,-4.369287109375,EnsembleMLLR
L688F:A701T,-3.032568359375,EnsembleMLLR
L688F:A701V,-2.845068359375,EnsembleMLLR
L688F:A713E,-13.154150390625,EnsembleMLLR
L688F:I712K,-12.839453125,EnsembleMLLR
L688F:A713S,-5.466943359375,EnsembleMLLR
L688F:A713V,-2.680615234375,EnsembleMLLR
L688F:D694E,-1.5462890624999999,EnsembleMLLR
L688F:D694G,-1.9830078125,EnsembleMLLR
L688F:D694V,-3.212109375,EnsembleMLLR
L688F:D694Y,-4.3001953125,EnsembleMLLR
L688F:E693D,-1.4281249999999999,EnsembleMLLR
L688F:E693G,-2.3181640625,EnsembleMLLR
L688F:E693K,-2.869140625,EnsembleMLLR
L688F:E693V,-3.2380859375,EnsembleMLLR
L688F:F690I,-0.6339843749999999,EnsembleMLLR
L688F:F690L,-0.004296875000000089,EnsembleMLLR
L688F:F690S,1.808203125,EnsembleMLLR
L688F:A713T,-4.80634765625,EnsembleMLLR
L688S:F690C,-1.234375,EnsembleMLLR
L688F:I712L,-0.14433593749999996,EnsembleMLLR
L688F:I712T,-4.640625,EnsembleMLLR
L688F:V695M,-2.55390625,EnsembleMLLR
L688F:V707A,-3.44287109375,EnsembleMLLR
L688F:V707E,-12.7462890625,EnsembleMLLR
L688F:V707G,-6.399560546875,EnsembleMLLR
L688F:V707M,-4.0369140625,EnsembleMLLR
L688F:V710A,-2.15859375,EnsembleMLLR
L688F:V710D,-14.7990234375,EnsembleMLLR
L688F:V710F,-4.2181640625,EnsembleMLLR
L688F:V710G,-2.5826171875,EnsembleMLLR
L688F:V710I,-2.5041015625,EnsembleMLLR
L688F:V711A,-0.768994140625,EnsembleMLLR
L688F:V711D,-13.933789062499999,EnsembleMLLR
L688F:V711F,-4.1650390625,EnsembleMLLR
L688F:V711I,-2.1810546875,EnsembleMLLR
L688I,-0.512890625,EnsembleMLLR
L688K,0.49609375,EnsembleMLLR
L688M,-0.626171875,EnsembleMLLR
L688M:A692E,-0.19355468750000004,EnsembleMLLR
L688M:A692S,-0.34453124999999996,EnsembleMLLR
L688M:A692T,-0.79921875,EnsembleMLLR
L688M:A692V,-1.556640625,EnsembleMLLR
L688M:A701E,-7.231201171875,EnsembleMLLR
L688M:A701G,-4.447314453125,EnsembleMLLR
L688M:A701P,-2.6404296875,EnsembleMLLR
L688M:A701S,-2.649462890625,EnsembleMLLR
L688F:V695L,-1.7296875,EnsembleMLLR
L688F:V695G,-0.12187499999999996,EnsembleMLLR
L688F:V695E,0.5095703125,EnsembleMLLR
L688F:V695A,-0.5804687499999999,EnsembleMLLR
L688F:I712V,-0.5515625000000001,EnsembleMLLR
L688F:K699E,-5.1591796875,EnsembleMLLR
L688F:K699I,-4.3091796875,EnsembleMLLR
L688F:K699N,-4.375781249999999,EnsembleMLLR
L688F:K699Q,-2.3767578125,EnsembleMLLR
L688F:K699R,-0.7639160156249999,EnsembleMLLR
L688F:L705F,-5.671044921875,EnsembleMLLR
L688F:L705H,-13.448583984375,EnsembleMLLR
L688F:L705P,-10.87005615234375,EnsembleMLLR
L688F:M706I,0.004101562500000044,EnsembleMLLR
L688F:M706K,-9.615234375,EnsembleMLLR
L688F:M706L,2.5624267578124997,EnsembleMLLR
L688F:I712M,-2.4984374999999996,EnsembleMLLR
L688F:M706T,-4.121875,EnsembleMLLR
L688F:N698D,-4.68701171875,EnsembleMLLR
L688F:N698I,-5.404296875,EnsembleMLLR
L688F:N698K,-4.292041015624999,EnsembleMLLR
L688F:N698S,-1.8125,EnsembleMLLR
L688F:N698Y,-5.338525390625,EnsembleMLLR
L688F:S697L,-2.1857421875,EnsembleMLLR
L688F:S697P,-2.528125,EnsembleMLLR
L688F:S697T,-2.138671875,EnsembleMLLR
L688F:V689A,0.033007812499999956,EnsembleMLLR
L688F:V689E,-0.3773437500000001,EnsembleMLLR
L688F:V689G,0.2076171874999999,EnsembleMLLR
L688F:V689M,-2.4703125000000004,EnsembleMLLR
L688F:M706V,0.2710937499999999,EnsembleMLLR
L688S:F690I,2.312890625,EnsembleMLLR
L688M:G708V,-3.0744384765625004,EnsembleMLLR
L688S:F690S,4.747265625,EnsembleMLLR
L688V:N698D,-2.934814453125,EnsembleMLLR
L688V:K699R,1.5150390624999999,EnsembleMLLR
L688V:K699I,-2.3505859375,EnsembleMLLR
L688V:I712V,1.664453125,EnsembleMLLR
L688V:I712T,-2.0119140625,EnsembleMLLR
L688V:I712K,-10.655078125,EnsembleMLLR
L688V:G709S,-1.90908203125,EnsembleMLLR
L688V:G696S,1.146484375,EnsembleMLLR
L688V:F691Y,1.042578125,EnsembleMLLR
L688V:F691L,2.301953125,EnsembleMLLR
L688V:F691I,1.7734375,EnsembleMLLR
L688V:F690L,2.0375,EnsembleMLLR
L688V:D694E,0.7537109375000001,EnsembleMLLR
L688V:A701V,-0.5600097656249999,EnsembleMLLR
L688V,0.626171875,EnsembleMLLR
L688T,1.25546875,EnsembleMLLR
L688S:V711L,2.105078125,EnsembleMLLR
L688S:V695G,3.140625,EnsembleMLLR
L688S:V695L,0.8851562500000001,EnsembleMLLR
L688S:V695M,0.46171874999999996,EnsembleMLLR
L688S:V707A,-0.07578124999999991,EnsembleMLLR
L688S:V707E,-9.529638671875,EnsembleMLLR
L688S:V707M,-1.516064453125,EnsembleMLLR
L688V:N698I,-3.9546875,EnsembleMLLR
L688S:V710A,1.79208984375,EnsembleMLLR
L688S:V710F,-0.55546875,EnsembleMLLR
L688S:V710G,-1.5153320312499998,EnsembleMLLR
L688S:V710I,0.33037109375000007,EnsembleMLLR
L688S:V711A,0.9779296875000001,EnsembleMLLR
L688S:V711D,-10.9234375,EnsembleMLLR
L688S:V711I,0.9703125,EnsembleMLLR
L688S:V710D,-11.603710937499999,EnsembleMLLR
L688S:V695E,3.027734375,EnsembleMLLR
L688V:S697P,-1.0541015624999999,EnsembleMLLR
L688V:V695E,1.97109375,EnsembleMLLR
L688S:F690L,2.941796875,EnsembleMLLR
L688W:K699N,-6.4537109375,EnsembleMLLR
L688W:L705H,-16.6460205078125,EnsembleMLLR
L688W:M706T,-5.9984375,EnsembleMLLR
L688W:N698D,-7.0833984375,EnsembleMLLR
L688W:N698I,-8.773046875,EnsembleMLLR
L688W:N698Y,-7.313916015625,EnsembleMLLR
L688W:S697L,-4.6484375,EnsembleMLLR
L688W:S697P,-5.6439453125,EnsembleMLLR
L688W:S697T,-4.67109375,EnsembleMLLR
L688W:V695E,-2.3564453125,EnsembleMLLR
L688W:V710D,-16.5099609375,EnsembleMLLR
L688W:V711A,-4.91005859375,EnsembleMLLR
L688W:K699I,-6.775390625,EnsembleMLLR
L688W:K699E,-8.4095703125,EnsembleMLLR
L688W:I712V,-3.3661132812499996,EnsembleMLLR
L688W:I712L,-2.7083984375,EnsembleMLLR
L688V:V710A,-0.25634765625,EnsembleMLLR
L688V:V710D,-12.383203125,EnsembleMLLR
L688V:V711D,-12.5626953125,EnsembleMLLR
L688W,-3.644921875,EnsembleMLLR
L688W:A701V,-5.29501953125,EnsembleMLLR
L688W:D694E,-3.93046875,EnsembleMLLR
L688V:V689M,-0.805078125,EnsembleMLLR
L688W:E693V,-6.0234375,EnsembleMLLR
L688W:F691I,-2.7660156249999996,EnsembleMLLR
L688W:F691L,-2.6210937499999996,EnsembleMLLR
L688W:F691Y,-3.5609375,EnsembleMLLR
L688W:G704R,-15.380430603027344,EnsembleMLLR
L688W:G709S,-6.850146484374999,EnsembleMLLR
L688W:I703N,-16.05986328125,EnsembleMLLR
L688W:F690I,-3.0203125,EnsembleMLLR
L688S:V695A,2.666796875,EnsembleMLLR
L688V:G709D,-10.843408203125,EnsembleMLLR
L688S:V689L,1.759765625,EnsembleMLLR
L688S:I703N,-9.4696533203125,EnsembleMLLR
L688S:I703F,-3.649462890625,EnsembleMLLR
L688S:I702V,0.8565429687499999,EnsembleMLLR
L688S:I702T,-2.18603515625,EnsembleMLLR
L688S:I702N,-6.99375,EnsembleMLLR
L688S:I702F,-1.8547851562500002,EnsembleMLLR
L688S:G709S,-1.5269042968749997,EnsembleMLLR
L688S:G709D,-9.31708984375,EnsembleMLLR
L688S:G709C,-2.5205200195312503,EnsembleMLLR
L688S:G696C,-5.469140625,EnsembleMLLR
L688S:G708V,-1.1213134765625001,EnsembleMLLR
L688S:G708S,-3.058282470703125,EnsembleMLLR
L688S:G708D,-10.15,EnsembleMLLR
L688S:G708C,-3.0021484375,EnsembleMLLR
L688S:G704V,-7.479207992553711,EnsembleMLLR
L688S:G704R,-10.331483078002929,EnsembleMLLR
L688S:G704E,-10.59572982788086,EnsembleMLLR
L688S:G696D,0.7701171874999999,EnsembleMLLR
L688S:G696S,2.2001953125,EnsembleMLLR
L688S:G700C,-8.6232666015625,EnsembleMLLR
L688S:F691Y,1.865234375,EnsembleMLLR
L688S:F691V,4.144140625,EnsembleMLLR
L688S:F691S,5.31640625,EnsembleMLLR
L688S:I703T,-3.010107421875,EnsembleMLLR
L688S:F691L,3.3703125,EnsembleMLLR
L688S:F690Y,2.4386718750000003,EnsembleMLLR
L688S:G700D,-3.733935546875,EnsembleMLLR
L688S:V689M,0.7289062500000001,EnsembleMLLR
L688S:G700R,-3.3448913574218753,EnsembleMLLR
L688S:G700S,0.12856445312499987,EnsembleMLLR
L688S:G700V,-2.3899902343750004,EnsembleMLLR
L688S:F691I,2.81328125,EnsembleMLLR
L688S:I703V,-0.14703369140625,EnsembleMLLR
L688S:G709A,0.13898925781250004,EnsembleMLLR
L688S:I712L,3.210546875,EnsembleMLLR
L688S:N698H,0.00439453125,EnsembleMLLR
L688S:N698I,-3.2741699218749996,EnsembleMLLR
L688S:N698K,-0.8217773437500002,EnsembleMLLR
L688S:I712K,-9.635546875,EnsembleMLLR
L688S:N698S,1.4383789062499999,EnsembleMLLR
L688S:N698T,0.09091796874999991,EnsembleMLLR
L688S:N698D,-1.3358398437499999,EnsembleMLLR
L688S:N698Y,-2.25546875,EnsembleMLLR
L688S:S697L,1.3236328124999999,EnsembleMLLR
L688S:S697P,0.9021484375,EnsembleMLLR
L688S:S697T,1.0041015625,EnsembleMLLR
L688S:V689A,3.237890625,EnsembleMLLR
L688S:V689E,1.8656249999999999,EnsembleMLLR
L688S:V689G,3.40498046875,EnsembleMLLR
L688S:S697A,0.9244140624999999,EnsembleMLLR
L688S:M706V,3.1857421875,EnsembleMLLR
L688S:G696A,1.3419921875,EnsembleMLLR
L688S:M706L,5.9553375244140625,EnsembleMLLR
L688S:M706T,-0.3011718750000001,EnsembleMLLR
L688S:L705F,-2.9680847167968745,EnsembleMLLR
L688S:K699R,2.8893066406249996,EnsembleMLLR
L688S:K699N,-1.0397460937500003,EnsembleMLLR
L688S:L705H,-10.2872314453125,EnsembleMLLR
L688S:L705P,-6.912451171875,EnsembleMLLR
L688S:F690V,3.520703125,EnsembleMLLR
L688S:L705I,-1.2723266601562502,EnsembleMLLR
L688S:K699E,-3.4246093749999997,EnsembleMLLR
L688S:I712V,2.4818359375,EnsembleMLLR
L688S:I712T,-1.3994140625,EnsembleMLLR
L688S:I712M,0.6791015625000001,EnsembleMLLR
L688S:M706I,3.3482421875000004,EnsembleMLLR
L688S:M706K,-6.956640625,EnsembleMLLR
L688S:K699I,-1.4263671875,EnsembleMLLR
V689A:L705I,-0.91724853515625,EnsembleMLLR
V689A:K699Q,0.10976562500000009,EnsembleMLLR
V689A:K699R,1.86533203125,EnsembleMLLR
V689A:L705F,-3.3394531249999995,EnsembleMLLR
V689A:L705H,-11.55301513671875,EnsembleMLLR
V689A:L705P,-8.186297607421876,EnsembleMLLR
V689A:M706K,-6.579296874999999,EnsembleMLLR
V689A:L705V,-1.7066162109375,EnsembleMLLR
V689A:V695G,2.78046875,EnsembleMLLR
V689A:V695E,2.7822265625,EnsembleMLLR
V689A:V695A,2.2578125,EnsembleMLLR
V689A:S697T,0.7048828125,EnsembleMLLR
V689A:S697P,0.3582031250000002,EnsembleMLLR
V689A:S697L,0.8326171874999999,EnsembleMLLR
V689A:L705R,-9.84920654296875,EnsembleMLLR
V689A:N698T,-0.66142578125,EnsembleMLLR
V689A:N698K,-1.1640625,EnsembleMLLR
V689A:N698I,-3.84619140625,EnsembleMLLR
V689A:N698D,-0.9376953125,EnsembleMLLR
V689A:M706V,2.92470703125,EnsembleMLLR
V689A:M706L,5.023095703125,EnsembleMLLR
V689A:M706I,3.034375,EnsembleMLLR
V689A:N698S,0.87568359375,EnsembleMLLR
V689A:N698Y,-1.2078124999999997,EnsembleMLLR
V689A:G708C,-2.08245849609375,EnsembleMLLR
V689A:K699I,-1.8324218749999999,EnsembleMLLR
V689A:G696V,-0.04335937500000009,EnsembleMLLR
V689A:V695M,0.022851562499999867,EnsembleMLLR
V689A:G700C,-7.8278564453124995,EnsembleMLLR
V689A:G700D,-3.54072265625,EnsembleMLLR
V689A:G700S,0.9554199218749999,EnsembleMLLR
V689A:G704E,-9.91260757446289,EnsembleMLLR
V689A:G704R,-10.747810363769531,EnsembleMLLR
V689A:G708D,-10.219970703125,EnsembleMLLR
V689A:G708R,-9.0473876953125,EnsembleMLLR
V689A:G708S,-2.0194091796875,EnsembleMLLR
V689A:G708V,-0.7642578125000001,EnsembleMLLR
V689A:G709C,-2.4984863281250003,EnsembleMLLR
V689A:G709D,-10.277001953125,EnsembleMLLR
V689A:G709R,-10.784375,EnsembleMLLR
V689A:G709S,-1.7351623535156249,EnsembleMLLR
V689A:I702F,-1.4642578124999999,EnsembleMLLR
V689A:I702N,-6.65537109375,EnsembleMLLR
V689A:I702T,-2.52705078125,EnsembleMLLR
V689A:I702V,0.9606445312499999,EnsembleMLLR
V689A:I703F,-4.1469482421875,EnsembleMLLR
V689A:I703N,-10.665454101562501,EnsembleMLLR
V689A:I703T,-3.0019531250000004,EnsembleMLLR
V689A:I703V,0.28662109375,EnsembleMLLR
V689A:I712K,-9.7337890625,EnsembleMLLR
V689A:I712L,3.240576171875,EnsembleMLLR
V689A:I712M,0.05996093749999987,EnsembleMLLR
V689A:I712T,-1.3001953124999999,EnsembleMLLR
V689A:I712V,1.7796875,EnsembleMLLR
V689A:K699E,-2.4716796875,EnsembleMLLR
V689A:K699N,-0.6000000000000001,EnsembleMLLR
V689A:V707A,0.08720703125000018,EnsembleMLLR
V689E:G708D,-10.802197265625,EnsembleMLLR
V689A:V707L,-0.2310546874999999,EnsembleMLLR
V689E:G696V,-0.7326171875,EnsembleMLLR
V689E:G696S,1.2458984375,EnsembleMLLR
V689E:G696R,-0.8599609375,EnsembleMLLR
V689E:G696D,-0.21015624999999993,EnsembleMLLR
V689E:G696C,-6.09296875,EnsembleMLLR
V689E:G696A,0.11484375000000002,EnsembleMLLR
V689E:G700C,-9.0842041015625,EnsembleMLLR
V689E:F691Y,0.888671875,EnsembleMLLR
V689E:F691L,1.919921875,EnsembleMLLR
V689E:F691I,1.5949218749999998,EnsembleMLLR
V689E:F691C,-2.9632812499999996,EnsembleMLLR
V689E:F690Y,1.4421875000000002,EnsembleMLLR
V689E:F690S,4.335546875,EnsembleMLLR
V689E:F690L,2.321484375,EnsembleMLLR
V689E:F691S,3.64296875,EnsembleMLLR
V689E:F690I,1.440234375,EnsembleMLLR
V689E:G700D,-4.1921630859375005,EnsembleMLLR
V689E:G700V,-3.861181640625,EnsembleMLLR
V689E:I702N,-6.76953125,EnsembleMLLR
V689E:I702F,-2.8722656250000003,EnsembleMLLR
V689E:G709V,-2.0950195312499997,EnsembleMLLR
V689E:G709S,-1.8639892578125001,EnsembleMLLR
V689E:G709D,-10.9937744140625,EnsembleMLLR
V689E:G709C,-2.768701171875,EnsembleMLLR
V689E:G700S,-0.65263671875,EnsembleMLLR
V689E:G708V,-2.1457275390625004,EnsembleMLLR
V689A:G696S,1.8384765625,EnsembleMLLR
V689E:G708C,-2.7362304687499996,EnsembleMLLR
V689E:G704V,-7.424337005615234,EnsembleMLLR
V689E:G704R,-11.075253295898438,EnsembleMLLR
V689E:G704E,-10.517546844482421,EnsembleMLLR
V689E:G704A,-3.5716213226318363,EnsembleMLLR
V689E:G708S,-3.24398193359375,EnsembleMLLR
V689E:E693V,-1.03125,EnsembleMLLR
V689E:E693K,-0.5939453125,EnsembleMLLR
V689E:E693G,0.058398437499999956,EnsembleMLLR
V689E:A692S,1.275390625,EnsembleMLLR
V689E:A692P,0.215625,EnsembleMLLR
V689E:A692G,1.228515625,EnsembleMLLR
V689E:A692E,1.2900390625,EnsembleMLLR
V689E,0.84453125,EnsembleMLLR
V689D,0.855078125,EnsembleMLLR
V689E:A692T,0.35781250000000003,EnsembleMLLR
V689A:V711L,1.421875,EnsembleMLLR
V689A:V711D,-11.687109375,EnsembleMLLR
V689A:V711A,1.4988281250000002,EnsembleMLLR
V689A:V710I,0.38037109375,EnsembleMLLR
V689A:V710D,-11.810546875,EnsembleMLLR
V689A:V710A,1.003515625,EnsembleMLLR
V689A:V707M,-1.46650390625,EnsembleMLLR
V689A:V711I,0.99921875,EnsembleMLLR
V689E:A692V,-0.05214843749999998,EnsembleMLLR
V689E:A701E,-6.387499999999999,EnsembleMLLR
V689E:A701G,-3.5072753906250003,EnsembleMLLR
V689E:E693D,0.44414062499999996,EnsembleMLLR
V689E:E693A,-0.4009765625,EnsembleMLLR
V689E:D694Y,-2.3429687500000003,EnsembleMLLR
V689E:D694V,-0.7869140625,EnsembleMLLR
V689E:D694N,-0.02499999999999991,EnsembleMLLR
V689E:D694G,-0.10039062500000007,EnsembleMLLR
V689E:D694E,0.5548828125,EnsembleMLLR
V689E:A713V,-0.5607421875,EnsembleMLLR
V689E:A713T,-2.4366455078125,EnsembleMLLR
V689E:A713S,-2.7251953125,EnsembleMLLR
V689E:A713G,-3.3546630859374997,EnsembleMLLR
V689E:A713E,-11.5427001953125,EnsembleMLLR
V689E:A701V,-1.289697265625,EnsembleMLLR
V689E:A701T,-1.79287109375,EnsembleMLLR
V689E:A701S,-2.0666015625000003,EnsembleMLLR
V689A:V707E,-10.603076171875001,EnsembleMLLR
V689A:G696D,1.1455078125,EnsembleMLLR
V689E:M706T,-1.9554687499999999,EnsembleMLLR
V689A:F691Y,1.5925781250000002,EnsembleMLLR
V689G:G696C,-5.383984375,EnsembleMLLR
V689G:F691Y,2.47421875,EnsembleMLLR
V689G:F691L,3.5394531249999996,EnsembleMLLR
V689G:F690I,2.1748046875,EnsembleMLLR
V689G:E693V,-0.10019531250000013,EnsembleMLLR
V689G:E693G,0.928515625,EnsembleMLLR
V689G:E693D,1.8876953125,EnsembleMLLR
V689G:D694V,-0.6505859375,EnsembleMLLR
V689G:D694N,0.819921875,EnsembleMLLR
V689G:A713V,0.9958496093750002,EnsembleMLLR
V689G:A713S,-3.0425781249999995,EnsembleMLLR
V689G:A692V,0.9019531249999999,EnsembleMLLR
V689G,1.6689453125,EnsembleMLLR
V689E:V711L,0.93681640625,EnsembleMLLR
V689E:V711I,-0.07460937500000009,EnsembleMLLR
V689E:V711F,-1.9173828124999999,EnsembleMLLR
V689E:V711D,-12.6017578125,EnsembleMLLR
V689E:V711A,1.29150390625,EnsembleMLLR
V689E:V710L,0.509765625,EnsembleMLLR
V689E:V710I,-0.69365234375,EnsembleMLLR
V689E:V710D,-11.028125,EnsembleMLLR
V689E:V710A,0.46757812500000007,EnsembleMLLR
V689E:V707M,-2.375634765625,EnsembleMLLR
V689E:V707L,-1.356884765625,EnsembleMLLR
V689E:V707E,-11.34267578125,EnsembleMLLR
V689E:V707A,-0.734228515625,EnsembleMLLR
V689E:V695M,-0.5703125000000001,EnsembleMLLR
V689E:V695L,0.254296875,EnsembleMLLR
V689E:V695G,1.7154296875000001,EnsembleMLLR
V689G:G696S,2.4576171875,EnsembleMLLR
V689E:V695E,1.771875,EnsembleMLLR
V689G:G696V,0.2281249999999999,EnsembleMLLR
V689G:G700D,-3.8191162109375,EnsembleMLLR
V689E:I702V,-0.08442382812499993,EnsembleMLLR
V689G:V711D,-11.4431640625,EnsembleMLLR
V689G:V711A,2.5213378906250004,EnsembleMLLR
V689G:V710D,-11.364648437500001,EnsembleMLLR
V689G:V707M,-1.14482421875,EnsembleMLLR
V689G:V707A,-0.11752929687500013,EnsembleMLLR
V689G:V695E,3.2478515625,EnsembleMLLR
V689G:V695A,2.569140625,EnsembleMLLR
V689G:S697T,1.115625,EnsembleMLLR
V689G:S697P,0.43242187499999996,EnsembleMLLR
V689G:S697L,0.5017578125000001,EnsembleMLLR
V689G:N698Y,-2.0417968749999997,EnsembleMLLR
V689G:N698I,-2.1479492187499996,EnsembleMLLR
V689G:N698D,-1.6650329589843749,EnsembleMLLR
V689G:M706V,2.86640625,EnsembleMLLR
V689G:M706I,2.729296875,EnsembleMLLR
V689G:L705H,-10.75367431640625,EnsembleMLLR
V689G:K699R,2.58828125,EnsembleMLLR
V689G:K699N,-0.7411132812499999,EnsembleMLLR
V689G:K699E,-2.419921875,EnsembleMLLR
V689G:I712V,2.6765625,EnsembleMLLR
V689G:I712M,0.4990234375,EnsembleMLLR
V689G:I712L,3.08896484375,EnsembleMLLR
V689G:I703T,-3.44091796875,EnsembleMLLR
V689G:I703N,-10.3089111328125,EnsembleMLLR
V689G:I702V,1.5224609374999998,EnsembleMLLR
V689G:I702T,-2.70166015625,EnsembleMLLR
V689G:I702F,-1.18759765625,EnsembleMLLR
V689G:G709C,-2.011279296875,EnsembleMLLR
V689G:G700C,-8.4298095703125,EnsembleMLLR
V689E:V695A,1.303515625,EnsembleMLLR
V689E:S697T,-0.023632812500000044,EnsembleMLLR
V689E:S697P,-0.5201171875000001,EnsembleMLLR
V689A:A692P,1.186328125,EnsembleMLLR
V689A:A692T,0.9128906250000001,EnsembleMLLR
V689A:A692V,0.8218749999999999,EnsembleMLLR
V689A:A701E,-5.452099609375,EnsembleMLLR
V689A:A701S,-1.256787109375,EnsembleMLLR
V689A:A701T,0.11323242187500004,EnsembleMLLR
V689A:A701V,-1.0380859374999998,EnsembleMLLR
V689A:A713E,-10.922070312499999,EnsembleMLLR
V689A:A713S,-2.6190429687500005,EnsembleMLLR
V689A:A713T,-0.09904785156249973,EnsembleMLLR
V689A:A713V,0.48408203125000004,EnsembleMLLR
V689A:D694E,1.6396484375,EnsembleMLLR
V689A:D694G,0.9867187500000001,EnsembleMLLR
V689A:D694N,0.8138671874999999,EnsembleMLLR
V689A:D694V,-0.337890625,EnsembleMLLR
V689A:D694Y,-1.4560546875,EnsembleMLLR
V689A:E693D,1.5910156249999998,EnsembleMLLR
V689A:E693G,0.9359375,EnsembleMLLR
V689A:E693K,-0.03769531249999991,EnsembleMLLR
V689A:E693V,-0.5339843750000002,EnsembleMLLR
V689A:F690I,2.7171875,EnsembleMLLR
V689A:F690L,2.88203125,EnsembleMLLR
V689A:F690S,5.4572265625,EnsembleMLLR
V689A:F690Y,1.810546875,EnsembleMLLR
V689A:F691C,-2.2816406249999996,EnsembleMLLR
V689A:F691I,2.7599609375,EnsembleMLLR
V689A:F691L,2.8283203125,EnsembleMLLR
V689A:F691S,4.4919921875,EnsembleMLLR
V689A:F691V,4.09765625,EnsembleMLLR
V689A:A692G,2.1634765625,EnsembleMLLR
V689A:A692E,2.3046875,EnsembleMLLR
V689A,1.640234375,EnsembleMLLR
V689E:I703F,-5.217724609375,EnsembleMLLR
V689E:S697L,-0.5484375000000001,EnsembleMLLR
V689E:N698Y,-2.9436523437499997,EnsembleMLLR
V689E:N698T,-0.7287109374999999,EnsembleMLLR
V689E:N698S,-0.20126953125000002,EnsembleMLLR
V689E:N698K,-1.4273437500000001,EnsembleMLLR
V689E:N698I,-3.0998046875000003,EnsembleMLLR
V689E:N698D,-2.9857421875,EnsembleMLLR
V689E:M706V,1.8759765625,EnsembleMLLR
V689E:M706R,-8.273828125,EnsembleMLLR
V689E:M706L,4.4047607421874995,EnsembleMLLR
V689E:M706K,-7.532031249999999,EnsembleMLLR
V689E:M706I,2.103125,EnsembleMLLR
V689E:L705V,-3.196157836914063,EnsembleMLLR
V689E:L705P,-8.601708984375,EnsembleMLLR
V689A:G696C,-5.5927734375,EnsembleMLLR
V689E:L705I,-2.393194580078125,EnsembleMLLR
V689E:L705F,-4.2197998046875,EnsembleMLLR
V689E:K699T,-0.3369140625,EnsembleMLLR
V689E:K699R,1.09267578125,EnsembleMLLR
V689E:K699N,-2.55927734375,EnsembleMLLR
V689E:K699I,-3.066796875,EnsembleMLLR
V689E:K699E,-4.3115234375,EnsembleMLLR
V689E:I712V,1.28310546875,EnsembleMLLR
V689E:I712T,-2.8060546875,EnsembleMLLR
V689E:I712M,-0.25468750000000007,EnsembleMLLR
V689E:I712L,2.092626953125,EnsembleMLLR
V689E:I712K,-10.7890625,EnsembleMLLR
V689E:I703V,-0.6653076171875,EnsembleMLLR
V689E:I703T,-4.5880126953125,EnsembleMLLR
V689E:I703N,-10.3598876953125,EnsembleMLLR
V689E:L705H,-12.1864990234375,EnsembleMLLR
V689E:I702T,-2.53486328125,EnsembleMLLR
V689T,0.548828125,EnsembleMLLR
V689K,-0.122265625,EnsembleMLLR
V689M:L705H,-13.974957275390626,EnsembleMLLR
V689M:L705F,-5.721508789062501,EnsembleMLLR
V689M:K699R,-0.9909667968749999,EnsembleMLLR
V689M:K699N,-3.2892578125,EnsembleMLLR
V689M:K699I,-4.824902343750001,EnsembleMLLR
V689M:K699E,-5.2279296875,EnsembleMLLR
V689M:I712V,-0.2548828125,EnsembleMLLR
V689M:I712T,-4.624609375,EnsembleMLLR
V689M:I712M,-2.7826171875,EnsembleMLLR
V689M:I712L,0.11250000000000004,EnsembleMLLR
V689M:I712K,-12.700390625,EnsembleMLLR
V689M:I703V,-2.95126953125,EnsembleMLLR
V689M:I703T,-6.9964111328125,EnsembleMLLR
V689M:I703N,-13.292578124999999,EnsembleMLLR
V689M:I703F,-5.74755859375,EnsembleMLLR
V689M:I702V,-1.741064453125,EnsembleMLLR
V689M:I702T,-5.11298828125,EnsembleMLLR
V689M:I702N,-9.671093749999999,EnsembleMLLR
V689M:I702F,-5.272753906249999,EnsembleMLLR
V689M:G709S,-4.31715087890625,EnsembleMLLR
V689M:G709D,-12.071044921875,EnsembleMLLR
V689M:G709C,-5.0988037109375,EnsembleMLLR
V689M:G708V,-2.524462890625,EnsembleMLLR
V689M:G708S,-4.380908203125,EnsembleMLLR
V689M:G708D,-13.607250976562499,EnsembleMLLR
V689M:G708C,-4.481103515625,EnsembleMLLR
V689M:G704R,-13.47035675048828,EnsembleMLLR
V689M:G704E,-13.402012634277343,EnsembleMLLR
V689M:G704A,-4.7140350341796875,EnsembleMLLR
V689M:L705I,-3.033984375,EnsembleMLLR
V689M:G700D,-6.69384765625,EnsembleMLLR
V689M:L705P,-10.691046142578125,EnsembleMLLR
V689M:M706K,-9.835156249999999,EnsembleMLLR
V689M:V711I,-2.2416015625,EnsembleMLLR
V689M:V711F,-4.23330078125,EnsembleMLLR
V689M:V711D,-14.4138671875,EnsembleMLLR
V689M:V711A,-1.074609375,EnsembleMLLR
V689M:V710I,-2.33134765625,EnsembleMLLR
V689M:V710D,-14.46044921875,EnsembleMLLR
V689M:V710A,-1.98583984375,EnsembleMLLR
V689M:V707M,-4.317236328125,EnsembleMLLR
V689M:V707L,-2.7287109375,EnsembleMLLR
V689M:V707E,-13.15595703125,EnsembleMLLR
V689M:V707A,-3.1065917968749996,EnsembleMLLR
V689M:V695M,-2.45703125,EnsembleMLLR
V689M:V695L,-1.46640625,EnsembleMLLR
V689M:V695G,0.1640625,EnsembleMLLR
V689M:V695E,0.36015624999999996,EnsembleMLLR
V689M:V695A,-0.39687499999999987,EnsembleMLLR
V689M:S697T,-1.768359375,EnsembleMLLR
V689M:S697P,-2.9341796875,EnsembleMLLR
V689M:S697L,-2.2546875,EnsembleMLLR
V689M:N698Y,-4.88359375,EnsembleMLLR
V689M:N698T,-2.265625,EnsembleMLLR
V689M:N698S,-0.9775390625000001,EnsembleMLLR
V689M:N698I,-6.2771484375,EnsembleMLLR
V689M:N698H,-3.27490234375,EnsembleMLLR
V689M:N698D,-4.79638671875,EnsembleMLLR
V689M:M706V,0.12675781249999996,EnsembleMLLR
V689M:M706T,-2.7078125,EnsembleMLLR
V689M:M706R,-9.513671875,EnsembleMLLR
V689M:M706L,2.09735107421875,EnsembleMLLR
V689M:M706I,0.7417968750000001,EnsembleMLLR
V689M:G700C,-10.54150390625,EnsembleMLLR
V689I,-0.941015625,EnsembleMLLR
V689M:G696R,-2.773046875,EnsembleMLLR
V689M,-1.113671875,EnsembleMLLR
V689L:V711D,-13.075390624999999,EnsembleMLLR
V689L:V707M,-3.397265625,EnsembleMLLR
V689L:V707E,-11.619677734375,EnsembleMLLR
V689L:V695E,0.9720703125000001,EnsembleMLLR
V689L:S697T,-1.100390625,EnsembleMLLR
V689L:N698Y,-4.4478515624999995,EnsembleMLLR
V689L:N698I,-4.6597656249999995,EnsembleMLLR
V689L:N698D,-3.73990478515625,EnsembleMLLR
V689L:M706K,-8.30625,EnsembleMLLR
V689L:M706I,0.9535156249999999,EnsembleMLLR
V689L:L705P,-10.34913330078125,EnsembleMLLR
V689L:L705H,-13.180371093749999,EnsembleMLLR
V689L:K699R,0.25654296875000004,EnsembleMLLR
V689L:K699I,-3.9548828125,EnsembleMLLR
V689L:G709S,-2.9159301757812504,EnsembleMLLR
V689L:G709C,-3.899481201171875,EnsembleMLLR
V689L:G708S,-3.923291015625,EnsembleMLLR
V689L:G708C,-4.484161376953125,EnsembleMLLR
V689L:G704E,-12.422676086425781,EnsembleMLLR
V689L:G696S,0.12812500000000004,EnsembleMLLR
V689L:G696C,-7.5777343749999995,EnsembleMLLR
V689L:F691S,2.987890625,EnsembleMLLR
V689L:F691L,1.252734375,EnsembleMLLR
V689L:F690I,0.2109375,EnsembleMLLR
V689L:E693D,-0.1994140625,EnsembleMLLR
V689L:A701V,-2.1050292968749997,EnsembleMLLR
V689L,-0.17421875,EnsembleMLLR
V689M:G696S,-0.56796875,EnsembleMLLR
V689M:A692E,-0.7814453125,EnsembleMLLR
V689M:A692G,-1.1312499999999999,EnsembleMLLR
V689L:F690Y,0.2671875,EnsembleMLLR
V689M:A692V,-2.006640625,EnsembleMLLR
V689M:G696D,-1.56953125,EnsembleMLLR
V689M:A692T,-1.251171875,EnsembleMLLR
V689M:G696C,-8.626953125,EnsembleMLLR
V689M:G696A,-1.403515625,EnsembleMLLR
V689M:F691V,1.2664062500000002,EnsembleMLLR
V689M:F691S,2.0251953125,EnsembleMLLR
V689M:F691L,0.52421875,EnsembleMLLR
V689M:F691I,-0.06875000000000009,EnsembleMLLR
V689M:F690Y,-0.705078125,EnsembleMLLR
V689M:F690S,1.650390625,EnsembleMLLR
V689M:F690L,0.2683593750000002,EnsembleMLLR
V689M:F690I,-0.31640625,EnsembleMLLR
V689M:E693V,-3.081640625,EnsembleMLLR
V689M:E693K,-2.4390625,EnsembleMLLR
V689M:E693G,-1.9548828125,EnsembleMLLR
V689M:F691Y,-0.9609375,EnsembleMLLR
V689M:E693A,-2.098046875,EnsembleMLLR
V689M:A701E,-8.111962890625,EnsembleMLLR
V689M:E693D,-1.34375,EnsembleMLLR
V689M:A701T,-2.900048828125,EnsembleMLLR
V689M:A713E,-13.170214843750001,EnsembleMLLR
V689M:A713G,-4.4830078125,EnsembleMLLR
V689M:A713S,-5.41826171875,EnsembleMLLR
V689M:A701V,-2.5104003906249996,EnsembleMLLR
V689M:A713V,-2.7279907226562496,EnsembleMLLR
V689M:D694Y,-4.2744140625,EnsembleMLLR
V689M:D694V,-2.6716796875,EnsembleMLLR
V689M:A713T,-3.892333984375,EnsembleMLLR
V689M:D694G,-1.6044921875,EnsembleMLLR
V689M:A701S,-3.8299804687499996,EnsembleMLLR
V689M:D694E,-1.397265625,EnsembleMLLR
F690V,1.71171875,EnsembleMLLR
F690T,2.73828125,EnsembleMLLR
F690V:A692G,2.6792968750000004,EnsembleMLLR
F690S:V711D,-10.681640625,EnsembleMLLR
F690S:V711A,3.53486328125,EnsembleMLLR
F690S:V710I,2.9357421875,EnsembleMLLR
F690V:A692T,1.9890625000000002,EnsembleMLLR
F690S:V710D,-10.408300781249999,EnsembleMLLR
F690S:V710A,1.7248046875,EnsembleMLLR
F690S:V707M,0.505859375,EnsembleMLLR
F690S:V711I,2.061328125,EnsembleMLLR
F690S:S697T,2.0064453125000004,EnsembleMLLR
F690S:V707A,0.9837890625000001,EnsembleMLLR
F690S:V695M,1.713671875,EnsembleMLLR
F690S:V695E,4.030078125,EnsembleMLLR
F690S:V695A,3.891796875,EnsembleMLLR
F690S:S697P,1.9900390624999997,EnsembleMLLR
F690S:N698Y,-1.203515625,EnsembleMLLR
F690S:N698S,3.21962890625,EnsembleMLLR
F690S:N698I,-2.0385742187499996,EnsembleMLLR
F690S:N698D,0.177734375,EnsembleMLLR
F690S:M706V,4.2935546875,EnsembleMLLR
F690V:A692V,0.98125,EnsembleMLLR
F690S:M706T,1.29375,EnsembleMLLR
F690S:V707E,-8.302587890625,EnsembleMLLR
F690V:A701T,0.066650390625,EnsembleMLLR
F690V:G709C,-2.2856445312499996,EnsembleMLLR
F690V:D694N,1.1109375000000001,EnsembleMLLR
F690S:M706L,7.27091064453125,EnsembleMLLR
F690V:K699I,-1.1267578125000002,EnsembleMLLR
F690V:K699E,-3.4150390625,EnsembleMLLR
F690V:I712V,2.745703125,EnsembleMLLR
F690V:I712L,2.8236328125,EnsembleMLLR
F690V:I712K,-9.81015625,EnsembleMLLR
F690V:I703V,0.6665283203124999,EnsembleMLLR
F690V:I703T,-3.106640625,EnsembleMLLR
F690V:I703F,-2.868115234375,EnsembleMLLR
F690V:I702V,1.3582031249999997,EnsembleMLLR
F690V:I702T,-1.93349609375,EnsembleMLLR
F690V:I702F,-2.2751953124999997,EnsembleMLLR
F690V:G709S,-1.1795654296875002,EnsembleMLLR
F690V:G708S,-1.6559082031249999,EnsembleMLLR
F690V:G708C,-1.41982421875,EnsembleMLLR
F690V:G700C,-8.43837890625,EnsembleMLLR
F690V:G696D,0.86796875,EnsembleMLLR
F690V:G696C,-5.370312500000001,EnsembleMLLR
F690V:F691Y,2.2097656249999997,EnsembleMLLR
F690V:F691S,5.16171875,EnsembleMLLR
F690V:F691L,3.701953125,EnsembleMLLR
F690V:F691I,2.876171875,EnsembleMLLR
F690V:E693V,0.37617187500000004,EnsembleMLLR
F690V:E693G,1.4683593750000001,EnsembleMLLR
F690V:E693D,1.9947265625000001,EnsembleMLLR
F690V:A713V,0.7491210937500001,EnsembleMLLR
F690S:M706K,-5.3871093750000005,EnsembleMLLR
F690C:A692T,-3.923046875,EnsembleMLLR
F690S:L705P,-6.210614013671874,EnsembleMLLR
F690V:K699N,-0.96875,EnsembleMLLR
F690C:F691I,-2.984375,EnsembleMLLR
F690C:F691L,-2.7878906249999997,EnsembleMLLR
F690C:G709C,-7.40765380859375,EnsembleMLLR
F690C:L705H,-17.24674072265625,EnsembleMLLR
F690D,2.6310546875,EnsembleMLLR
F690H,2.0904296875,EnsembleMLLR
F690I,0.77421875,EnsembleMLLR
F690I:A692E,1.343359375,EnsembleMLLR
F690I:A692G,1.348046875,EnsembleMLLR
F690I:A692P,0.692578125,EnsembleMLLR
F690C,-3.94453125,EnsembleMLLR
F690I:A692S,1.2863281249999998,EnsembleMLLR
F690I:A692V,-0.07499999999999996,EnsembleMLLR
F690I:A701E,-6.035546875,EnsembleMLLR
F690I:A701G,-3.7724853515625005,EnsembleMLLR
F690I:A701P,-1.2548339843750003,EnsembleMLLR
F690I:A701S,-2.19296875,EnsembleMLLR
F690I:A701T,-0.9273437500000001,EnsembleMLLR
F690I:A701V,-0.300048828125,EnsembleMLLR
F690I:A713E,-11.441357421874999,EnsembleMLLR
F690I:A713P,-9.43271484375,EnsembleMLLR
F690I:A713S,-3.1873291015625,EnsembleMLLR
F690I:A713T,-1.8166015625,EnsembleMLLR
F690I:A692T,0.766796875,EnsembleMLLR
F690S:G700S,0.36188964843750004,EnsembleMLLR
F690S:G704E,-8.524964523315429,EnsembleMLLR
F690S:G704R,-9.05436019897461,EnsembleMLLR
F690S:L705I,1.0294921874999998,EnsembleMLLR
F690S:L705H,-9.088656616210937,EnsembleMLLR
F690S:K699R,3.92060546875,EnsembleMLLR
F690S:K699N,0.7953124999999996,EnsembleMLLR
F690S:K699I,0.3695312500000001,EnsembleMLLR
F690S:K699E,-0.7001953125,EnsembleMLLR
F690S:I712V,4.541015625,EnsembleMLLR
F690S:I712T,-0.18535156250000018,EnsembleMLLR
F690S:I712M,1.3968749999999999,EnsembleMLLR
F690S:I712L,4.9583984375,EnsembleMLLR
F690S:I712K,-8.59609375,EnsembleMLLR
F690S:I703V,2.1665283203124996,EnsembleMLLR
F690S:I703T,-2.2297607421875005,EnsembleMLLR
F690S:I703N,-9.643017578125,EnsembleMLLR
F690S:I703F,-1.7053955078124998,EnsembleMLLR
F690S:I702V,2.49267578125,EnsembleMLLR
F690S:I702T,-0.41552734375,EnsembleMLLR
F690S:I702N,-5.11435546875,EnsembleMLLR
F690S:I702F,-0.4922851562499999,EnsembleMLLR
F690S:G709S,-0.062365722656249734,EnsembleMLLR
F690S:G709D,-8.7262939453125,EnsembleMLLR
F690S:G709C,-1.608544921875,EnsembleMLLR
F690S:G708S,-0.7959960937499999,EnsembleMLLR
F690S:G708D,-9.030380249023438,EnsembleMLLR
F690S:G708C,-0.3791992187500002,EnsembleMLLR
F690S:M706I,4.0943359374999995,EnsembleMLLR
F690V:K699R,2.6225097656250003,EnsembleMLLR
F690Y:D694G,0.03164062499999998,EnsembleMLLR
F690V:L705H,-10.35472412109375,EnsembleMLLR
F690Y:L705V,-2.75316162109375,EnsembleMLLR
F690Y:L705P,-9.008410644531251,EnsembleMLLR
F690Y:L705I,-1.9688903808593752,EnsembleMLLR
F690Y:L705H,-12.30794677734375,EnsembleMLLR
F690Y:L705F,-4.2693603515625,EnsembleMLLR
F690Y:K699R,0.88173828125,EnsembleMLLR
F690Y:K699N,-2.6927734375,EnsembleMLLR
F690Y:K699I,-1.7298828124999999,EnsembleMLLR
F690Y:K699E,-3.6719726562500004,EnsembleMLLR
F690Y:I712V,1.5128906249999998,EnsembleMLLR
F690Y:I712T,-2.9474609375,EnsembleMLLR
F690Y:M706I,1.910546875,EnsembleMLLR
F690Y:I712M,-0.580859375,EnsembleMLLR
F690Y:I712K,-10.4005859375,EnsembleMLLR
F690Y:I703V,-1.099853515625,EnsembleMLLR
F690Y:I703T,-4.8813720703125,EnsembleMLLR
F690Y:I703N,-10.5645263671875,EnsembleMLLR
F690Y:I703F,-5.0333496093750005,EnsembleMLLR
F690Y:I702V,-0.29843749999999997,EnsembleMLLR
F690L:V711D,-11.4357421875,EnsembleMLLR
F690Y:I702T,-3.1158203125000004,EnsembleMLLR
F690Y:I702N,-7.5663085937500005,EnsembleMLLR
F690Y:I702F,-3.054296875,EnsembleMLLR
F690Y:G709V,-2.908294677734375,EnsembleMLLR
F690Y:I712L,1.8379882812500001,EnsembleMLLR
F690Y:M706K,-8.085546875,EnsembleMLLR
F690Y:M706L,4.16270751953125,EnsembleMLLR
F690Y:M706T,-1.107421875,EnsembleMLLR
F690Y:V711I,-0.5177734374999999,EnsembleMLLR
F690Y:V711D,-12.928515625,EnsembleMLLR
F690Y:V711A,0.768212890625,EnsembleMLLR
F690Y:V710L,-0.29775390625,EnsembleMLLR
F690Y:V710I,-0.3033203124999999,EnsembleMLLR
F690Y:V710D,-12.6294921875,EnsembleMLLR
F690Y:V710A,-0.34267578125,EnsembleMLLR
F690Y:V707M,-3.106201171875,EnsembleMLLR
F690Y:V707L,-0.8784179687500001,EnsembleMLLR
F690Y:V707G,-4.568652343749999,EnsembleMLLR
F690Y:V707E,-10.95654296875,EnsembleMLLR
F690Y:V707A,-1.291015625,EnsembleMLLR
F690Y:V695M,-0.457421875,EnsembleMLLR
F690Y:V695L,-0.07499999999999996,EnsembleMLLR
F690Y:V695G,1.41796875,EnsembleMLLR
F690Y:V695E,1.5771484375,EnsembleMLLR
F690Y:V695A,1.309375,EnsembleMLLR
F690Y:S697T,0.014257812500000022,EnsembleMLLR
F690Y:S697P,-0.8511718749999999,EnsembleMLLR
F690Y:S697L,-0.28515625,EnsembleMLLR
F690Y:N698Y,-3.5138671875000003,EnsembleMLLR
F690Y:N698S,-0.078369140625,EnsembleMLLR
F690Y:N698I,-4.2708984375000005,EnsembleMLLR
F690Y:N698D,-2.20654296875,EnsembleMLLR
F690Y:M706V,1.4796875,EnsembleMLLR
F690Y:G709S,-2.15802001953125,EnsembleMLLR
F690Y:G709D,-11.365869140625,EnsembleMLLR
F690Y:G709C,-3.6338623046875,EnsembleMLLR
F690Y:G708V,-1.9329589843750001,EnsembleMLLR
F690Y:A701V,-0.01904296875,EnsembleMLLR
F690Y:A701T,-0.9098632812499999,EnsembleMLLR
F690Y:A701S,-1.313427734375,EnsembleMLLR
F690Y:A701E,-6.8050781250000005,EnsembleMLLR
F690Y:A692V,-0.49609374999999994,EnsembleMLLR
F690Y:A692T,0.52890625,EnsembleMLLR
F690Y:A692E,1.155078125,EnsembleMLLR
F690Y,0.2625,EnsembleMLLR
F690V:V711D,-11.073828124999999,EnsembleMLLR
F690V:V710I,0.8787109375,EnsembleMLLR
F690V:V710D,-10.992041015625,EnsembleMLLR
F690V:V710A,1.3547851562500002,EnsembleMLLR
F690V:V707M,-0.8191894531249999,EnsembleMLLR
F690V:V707A,0.5420410156249997,EnsembleMLLR
F690V:V695E,3.6544921875,EnsembleMLLR
F690V:V695A,2.4671875,EnsembleMLLR
F690V:S697T,1.8041015624999999,EnsembleMLLR
F690V:S697P,0.37617187500000004,EnsembleMLLR
F690V:S697A,1.421875,EnsembleMLLR
F690V:N698Y,-1.6691406250000003,EnsembleMLLR
F690V:N698I,-3.0018554687499996,EnsembleMLLR
F690V:N698D,-0.56787109375,EnsembleMLLR
F690V:M706K,-6.6148437499999995,EnsembleMLLR
F690V:M706I,3.6447265625,EnsembleMLLR
F690V:L705I,0.03353271484375009,EnsembleMLLR
F690Y:A713E,-12.190600585937501,EnsembleMLLR
F690V:L705F,-2.8794677734375,EnsembleMLLR
F690Y:A713S,-3.3337890625,EnsembleMLLR
F690Y:A713V,-0.8821044921875,EnsembleMLLR
F690Y:G708S,-3.144873046875,EnsembleMLLR
F690Y:G708D,-11.17333984375,EnsembleMLLR
F690Y:G708C,-3.5185546875,EnsembleMLLR
F690Y:G704R,-12.182006072998046,EnsembleMLLR
F690Y:G704E,-11.158920669555664,EnsembleMLLR
F690Y:G700V,-3.5770996093750003,EnsembleMLLR
F690Y:G700S,-1.377490234375,EnsembleMLLR
F690Y:G700D,-5.2510986328125,EnsembleMLLR
F690Y:G700C,-9.2298828125,EnsembleMLLR
F690Y:G696V,-1.00078125,EnsembleMLLR
F690Y:G696S,1.3369140625,EnsembleMLLR
F690Y:G696D,0.537109375,EnsembleMLLR
F690Y:G696C,-5.91640625,EnsembleMLLR
F690Y:F691Y,0.8953125000000001,EnsembleMLLR
F690Y:F691S,3.94375,EnsembleMLLR
F690Y:F691L,2.047265625,EnsembleMLLR
F690Y:F691I,1.887890625,EnsembleMLLR
F690Y:E693V,-1.4287109375000002,EnsembleMLLR
F690Y:E693G,0.025390625,EnsembleMLLR
F690Y:E693D,0.28730468750000004,EnsembleMLLR
F690Y:D694Y,-2.446484375,EnsembleMLLR
F690Y:D694V,-1.1160156250000002,EnsembleMLLR
F690Y:D694N,-0.2308593750000001,EnsembleMLLR
F690I:A713V,0.48408203125000004,EnsembleMLLR
F690Y:D694E,0.19453125,EnsembleMLLR
F690Y:A713T,-1.7126953125,EnsembleMLLR
F690I:D694E,0.7220703125,EnsembleMLLR
F690I:G704E,-11.527297973632812,EnsembleMLLR
F690I:D694N,0.18613281250000002,EnsembleMLLR
F690L:G709C,-2.01025390625,EnsembleMLLR
F690L:G709D,-10.1509765625,EnsembleMLLR
F690L:G709R,-11.705126953125,EnsembleMLLR
F690L:G709S,-1.56318359375,EnsembleMLLR
F690L:G709V,-0.9795898437499999,EnsembleMLLR
F690L:I702F,-2.4146484375000004,EnsembleMLLR
F690L:I702N,-6.151562500000001,EnsembleMLLR
F690L:I702T,-2.43759765625,EnsembleMLLR
F690L:I702V,0.548828125,EnsembleMLLR
F690L:I703F,-4.6078125,EnsembleMLLR
F690L:I703N,-10.7333740234375,EnsembleMLLR
F690L:G708V,-1.4340087890624997,EnsembleMLLR
F690L:I703T,-3.3999755859375003,EnsembleMLLR
F690L:I712K,-10.00859375,EnsembleMLLR
F690L:I712L,2.4479003906249996,EnsembleMLLR
F690L:I712M,0.4853515625,EnsembleMLLR
F690L:I712T,-1.1316406249999997,EnsembleMLLR
F690L:I712V,2.5347656250000004,EnsembleMLLR
F690L:K699E,-2.7661132812499996,EnsembleMLLR
F690L:K699I,-2.30390625,EnsembleMLLR
F690L:K699N,-0.6132812499999998,EnsembleMLLR
F690L:K699Q,-0.6251953125,EnsembleMLLR
F690L:K699R,1.96474609375,EnsembleMLLR
F690L:K699T,1.58203125,EnsembleMLLR
F690L:I703V,-0.1952148437500001,EnsembleMLLR
F690L:G708S,-2.3970581054687496,EnsembleMLLR
F690L:G708D,-10.284130859375,EnsembleMLLR
F690L:G708C,-2.2560546875,EnsembleMLLR
F690L:D694N,0.576171875,EnsembleMLLR
F690L:D694V,-0.22773437500000004,EnsembleMLLR
F690L:D694Y,-1.2896484375,EnsembleMLLR
F690L:E693A,0.42910156249999987,EnsembleMLLR
F690I:D694G,0.009179687499999978,EnsembleMLLR
F690L:E693G,0.852734375,EnsembleMLLR
F690L:E693K,-0.009765625,EnsembleMLLR
F690L:E693V,-0.2759765624999999,EnsembleMLLR
F690L:F691I,2.7125000000000004,EnsembleMLLR
F690L:F691L,3.09765625,EnsembleMLLR
F690L:F691S,4.6328125,EnsembleMLLR
F690L:F691Y,1.748828125,EnsembleMLLR
F690L:G696A,0.9369140625000001,EnsembleMLLR
F690L:G696C,-5.407031249999999,EnsembleMLLR
F690L:G696D,0.38593750000000004,EnsembleMLLR
F690L:G696R,0.4898437499999999,EnsembleMLLR
F690L:G696S,2.1421875000000004,EnsembleMLLR
F690L:G696V,0.228515625,EnsembleMLLR
F690L:G700C,-8.143994140624999,EnsembleMLLR
F690L:G700D,-3.97296142578125,EnsembleMLLR
F690L:G700S,-0.4920654296875,EnsembleMLLR
F690L:G704A,-3.0516452789306636,EnsembleMLLR
F690L:G704E,-11.355185317993163,EnsembleMLLR
F690L:G704R,-10.548788452148438,EnsembleMLLR
F690L:G704V,-6.2676643371582035,EnsembleMLLR
F690L:L705F,-2.5636718750000003,EnsembleMLLR
F690L:L705H,-11.4890380859375,EnsembleMLLR
F690L:L705P,-7.742340087890626,EnsembleMLLR
F690L:M706I,2.9390625,EnsembleMLLR
F690S:G700C,-5.527050781249999,EnsembleMLLR
F690S:G696S,3.8900390625,EnsembleMLLR
F690S:G696C,-3.2183593749999995,EnsembleMLLR
F690S:F691Y,3.3992187499999997,EnsembleMLLR
F690S:F691S,6.258007812500001,EnsembleMLLR
F690S:F691L,4.6916015625,EnsembleMLLR
F690S:F691I,4.585156250000001,EnsembleMLLR
F690S:E693V,1.1765625000000002,EnsembleMLLR
F690S:E693G,3.095703125,EnsembleMLLR
F690S:E693D,3.5744140625000003,EnsembleMLLR
F690S:D694V,1.6988281250000001,EnsembleMLLR
F690S:D694G,2.9652343749999996,EnsembleMLLR
F690S:D694E,2.15234375,EnsembleMLLR
F690S:A713V,1.702880859375,EnsembleMLLR
F690S:A713S,-0.70263671875,EnsembleMLLR
F690S:A713G,-0.3990234374999999,EnsembleMLLR
F690S:A701V,1.8233886718749999,EnsembleMLLR
F690S:A701T,1.04814453125,EnsembleMLLR
F690S:A692V,2.3375,EnsembleMLLR
F690S:A692T,3.1056640625,EnsembleMLLR
F690S:A692S,3.6771484375,EnsembleMLLR
F690S,3.1828125,EnsembleMLLR
F690P,2.8671875,EnsembleMLLR
F690N,2.12578125,EnsembleMLLR
F690L:V711I,0.05234375000000013,EnsembleMLLR
F690S:G700D,-2.0769287109374996,EnsembleMLLR
F690L:D694G,0.834765625,EnsembleMLLR
F690L:V711A,1.999072265625,EnsembleMLLR
F690L:V710F,-1.112890625,EnsembleMLLR
F690L:M706K,-7.296875,EnsembleMLLR
F690L:M706L,5.034130859375,EnsembleMLLR
F690L:M706R,-7.079296874999999,EnsembleMLLR
F690L:M706T,-0.03750000000000009,EnsembleMLLR
F690L:M706V,2.7177734375,EnsembleMLLR
F690L:N698D,-1.6564941406249998,EnsembleMLLR
F690L:N698I,-3.5378356933593755,EnsembleMLLR
F690L:N698K,-1.359521484375,EnsembleMLLR
F690L:N698S,0.10075683593750018,EnsembleMLLR
F690L:N698T,0.4365234375000001,EnsembleMLLR
F690L:N698Y,-1.9840820312499998,EnsembleMLLR
F690L:S697L,1.688671875,EnsembleMLLR
F690L:S697P,-0.4966796874999999,EnsembleMLLR
F690L:S697T,0.6839843750000001,EnsembleMLLR
F690L:V695A,2.10390625,EnsembleMLLR
F690L:V695E,3.1728515625,EnsembleMLLR
F690L:V695G,3.0121093749999996,EnsembleMLLR
F690L:V695L,0.8699218750000001,EnsembleMLLR
F690L:V695M,0.38789062500000004,EnsembleMLLR
F690L:V707A,-0.8701171875,EnsembleMLLR
F690L:V707E,-10.25146484375,EnsembleMLLR
F690L:V707L,-0.5882812500000001,EnsembleMLLR
F690L:V707M,-1.3507812500000003,EnsembleMLLR
F690L:V710A,1.8153320312499999,EnsembleMLLR
F690L:V710D,-11.182421875,EnsembleMLLR
F690L:V710I,0.7599609374999999,EnsembleMLLR
F690L:D694E,1.5607421875,EnsembleMLLR
F690L:E693D,1.404296875,EnsembleMLLR
F690L:A713T,-0.565673828125,EnsembleMLLR
F690I:G708S,-2.3140625,EnsembleMLLR
F690I:G708V,-0.2102050781249999,EnsembleMLLR
F690I:G709C,-3.3704833984374996,EnsembleMLLR
F690I:G709D,-9.8490966796875,EnsembleMLLR
F690I:G709R,-12.276290893554688,EnsembleMLLR
F690I:G709S,-2.0656250000000003,EnsembleMLLR
F690I:G709V,-2.3884765625,EnsembleMLLR
F690I:I702F,-2.8095703125,EnsembleMLLR
F690I:I702N,-7.261425781250001,EnsembleMLLR
F690I:I702T,-3.05595703125,EnsembleMLLR
F690I:I702V,0.31640625,EnsembleMLLR
F690I:G708R,-9.27060546875,EnsembleMLLR
F690I:I703F,-3.908935546875,EnsembleMLLR
F690I:I703N,-11.5219970703125,EnsembleMLLR
F690I:I703T,-3.9344238281249995,EnsembleMLLR
F690I:I703V,-0.8950439453125,EnsembleMLLR
F690I:I712K,-10.559375,EnsembleMLLR
F690I:I712L,2.311572265625,EnsembleMLLR
F690I:I712M,-0.33808593749999993,EnsembleMLLR
F690L:A713V,0.934326171875,EnsembleMLLR
F690I:I712V,1.7996093750000002,EnsembleMLLR
F690I:K699E,-3.7220703124999996,EnsembleMLLR
F690I:K699I,-2.57978515625,EnsembleMLLR
F690I:K699N,-1.698046875,EnsembleMLLR
F690I:I703M,-2.9220947265625,EnsembleMLLR
F690I:G708D,-10.37685546875,EnsembleMLLR
F690I:G708C,-2.6969482421874997,EnsembleMLLR
F690I:G708A,-0.025781249999999978,EnsembleMLLR
F690I:D694V,-1.243359375,EnsembleMLLR
F690I:D694Y,-1.883203125,EnsembleMLLR
F690I:E693A,0.15937499999999993,EnsembleMLLR
F690I:E693D,0.8921875,EnsembleMLLR
F690I:E693G,0.305078125,EnsembleMLLR
F690I:E693K,-0.5115234375,EnsembleMLLR
F690I:E693V,-0.7353515625,EnsembleMLLR
F690I:F691I,2.051953125,EnsembleMLLR
F690I:F691L,2.44765625,EnsembleMLLR
F690I:F691S,4.36953125,EnsembleMLLR
F690I:F691V,3.446875,EnsembleMLLR
F690I:F691Y,1.334375,EnsembleMLLR
F690I:G696C,-5.6857421875,EnsembleMLLR
F690I:G696D,0.6128906250000001,EnsembleMLLR
F690I:G696S,1.6828125,EnsembleMLLR
F690I:G696V,-0.476953125,EnsembleMLLR
F690I:G700A,-0.3360595703125,EnsembleMLLR
F690I:G700C,-8.701123046874999,EnsembleMLLR
F690I:G700D,-4.16494140625,EnsembleMLLR
F690I:G700R,-4.8170166015625,EnsembleMLLR
F690I:G700S,-0.98603515625,EnsembleMLLR
F690I:G700V,-2.8544677734375,EnsembleMLLR
F690I:G704A,-3.44307746887207,EnsembleMLLR
F690I:G704R,-10.940785217285157,EnsembleMLLR
F690I:G704V,-8.392957878112794,EnsembleMLLR
F690I:K699Q,-0.5689453125000001,EnsembleMLLR
F690I:K699R,1.31484375,EnsembleMLLR
F690I:I712T,-1.6304687500000001,EnsembleMLLR
F690I:L705F,-3.678369140625,EnsembleMLLR
F690I:V707M,-2.217333984375,EnsembleMLLR
F690I:V710A,0.41191406250000007,EnsembleMLLR
F690I:V710D,-12.07783203125,EnsembleMLLR
F690I:V710G,-0.43798828125,EnsembleMLLR
F690I:K699T,0.43378906250000004,EnsembleMLLR
F690I:V710L,0.24052734375000007,EnsembleMLLR
F690I:V711A,0.6062500000000001,EnsembleMLLR
F690I:V711D,-12.667578125,EnsembleMLLR
F690I:V711F,-1.2693359375,EnsembleMLLR
F690I:V711G,-3.396484375,EnsembleMLLR
F690I:V711I,-0.16835937499999998,EnsembleMLLR
F690I:V711L,1.272607421875,EnsembleMLLR
F690L,1.487109375,EnsembleMLLR
F690L:A692E,2.2185546875,EnsembleMLLR
F690L:A692G,1.951171875,EnsembleMLLR
F690L:A692S,1.88828125,EnsembleMLLR
F690L:A692T,1.2421875,EnsembleMLLR
F690L:A692V,0.8624999999999999,EnsembleMLLR
F690L:A701E,-5.374462890625001,EnsembleMLLR
F690L:A701G,-2.858251953125,EnsembleMLLR
F690L:A701S,-1.9533447265625001,EnsembleMLLR
F690L:A701T,-0.18095703124999996,EnsembleMLLR
F690L:A701V,-0.6786132812499999,EnsembleMLLR
F690L:A713E,-11.004443359375001,EnsembleMLLR
F690L:A713S,-2.296484375,EnsembleMLLR
F690I:V707L,-0.44052734375,EnsembleMLLR
F690I:V707G,-4.138525390625,EnsembleMLLR
F690I:V710I,-0.24892578124999998,EnsembleMLLR
F690I:V707A,-1.5739257812499998,EnsembleMLLR
F690I:L705H,-12.49384765625,EnsembleMLLR
F690I:L705I,-1.26478271484375,EnsembleMLLR
F690I:L705P,-9.637506103515625,EnsembleMLLR
F690I:L705R,-11.34110107421875,EnsembleMLLR
F690I:L705V,-2.839105224609375,EnsembleMLLR
F690I:M706I,2.2916015625000004,EnsembleMLLR
F690I:V707E,-10.332568359375001,EnsembleMLLR
F690I:M706L,4.5419372558593745,EnsembleMLLR
F690I:M706T,-0.47968749999999993,EnsembleMLLR
F690I:M706V,2.8775390625,EnsembleMLLR
F690I:N698D,-2.10244140625,EnsembleMLLR
F690I:N698H,-1.37587890625,EnsembleMLLR
F690I:N698I,-4.3240234375,EnsembleMLLR
F690I:M706K,-7.7894531250000005,EnsembleMLLR
F690I:N698S,-0.054980468749999956,EnsembleMLLR
F690I:N698K,-1.4887207031250003,EnsembleMLLR
F690I:V695M,-0.4414062500000001,EnsembleMLLR
F690I:V695L,0.52265625,EnsembleMLLR
F690I:V695E,2.258984375,EnsembleMLLR
F690I:V695A,1.531640625,EnsembleMLLR
F690I:V695G,2.213671875,EnsembleMLLR
F690I:S697P,-0.6390625000000001,EnsembleMLLR
F690I:S697L,0.08457031249999991,EnsembleMLLR
F690I:N698Y,-2.9287109375,EnsembleMLLR
F690I:N698T,0.4625,EnsembleMLLR
F690I:S697T,0.36093749999999997,EnsembleMLLR
F691C:G708V,-4.5544677734375,EnsembleMLLR
F691C:I702T,-6.3546875,EnsembleMLLR
F691C:I702F,-7.492822265625,EnsembleMLLR
F691C:G709S,-6.177929687500001,EnsembleMLLR
F691C:G709C,-6.9900390625,EnsembleMLLR
F691C:G708C,-6.6995849609375,EnsembleMLLR
F691C:A692V,-4.2562500000000005,EnsembleMLLR
F691C:E693V,-5.54453125,EnsembleMLLR
F691C:E693D,-3.4388671874999996,EnsembleMLLR
F691C:A713V,-4.67275390625,EnsembleMLLR
F691C:A713T,-6.421435546875,EnsembleMLLR
F691C,-3.26328125,EnsembleMLLR
F691C:I703N,-16.155615234375,EnsembleMLLR
F691C:G696C,-9.9193359375,EnsembleMLLR
F691C:I703T,-9.7611083984375,EnsembleMLLR
F691I:A713V,0.09736328125000004,EnsembleMLLR
F691C:I712L,-3.1138671875,EnsembleMLLR
F691L:K699E,-2.53984375,EnsembleMLLR
F691L:K699I,-1.7359375,EnsembleMLLR
F691L:K699N,-0.7193359374999999,EnsembleMLLR
F691L:K699R,2.05087890625,EnsembleMLLR
F691L:L705F,-3.02587890625,EnsembleMLLR
F691L:L705H,-10.6544921875,EnsembleMLLR
F691L:L705I,-0.1930297851562499,EnsembleMLLR
F691L:L705P,-7.946514892578126,EnsembleMLLR
F691L:L705R,-9.41214599609375,EnsembleMLLR
F691L:L705V,-2.360211181640625,EnsembleMLLR
F691L:M706I,3.2085937500000004,EnsembleMLLR
F691L:M706K,-6.872265625,EnsembleMLLR
F691L:M706L,5.790081787109375,EnsembleMLLR
F691L:M706R,-6.87734375,EnsembleMLLR
F691L:M706T,-0.17695312500000004,EnsembleMLLR
F691L:M706V,3.2457031250000004,EnsembleMLLR
F691L:N698D,-1.1488281249999999,EnsembleMLLR
F691L:N698H,-0.5778320312499998,EnsembleMLLR
F691L:N698I,-3.4803710937499996,EnsembleMLLR
F691L:N698K,-1.1925781250000003,EnsembleMLLR
F691L:N698S,1.338916015625,EnsembleMLLR
F691L:N698T,0.16660156250000013,EnsembleMLLR
F691L:N698Y,-1.92431640625,EnsembleMLLR
F691L:S697A,0.798828125,EnsembleMLLR
F691L:S697L,0.1537109375000001,EnsembleMLLR
F691L:I712V,2.48515625,EnsembleMLLR
F691L:I712T,-0.6851562500000001,EnsembleMLLR
F691L:I712M,0.7857421875,EnsembleMLLR
F691L:I712L,2.9365234375,EnsembleMLLR
F691L:G704R,-10.752254867553711,EnsembleMLLR
F691L:G704V,-6.7900238037109375,EnsembleMLLR
F691L:G708A,0.9465087890625001,EnsembleMLLR
F691L:G708C,-2.1091552734375,EnsembleMLLR
F691L:G708D,-10.742138671875,EnsembleMLLR
F691L:G708R,-8.930615234375,EnsembleMLLR
F691L:G708S,-2.22520751953125,EnsembleMLLR
F691L:G708V,0.6013671875,EnsembleMLLR
F691L:G709A,-0.19255981445312487,EnsembleMLLR
F691L:G709C,-1.976708984375,EnsembleMLLR
F691L:G709D,-9.907080078125,EnsembleMLLR
F691L:G709R,-10.5146484375,EnsembleMLLR
F691L:S697P,0.5945312500000002,EnsembleMLLR
F691L:G709S,-1.1859130859375002,EnsembleMLLR
F691L:I702F,-2.021533203125,EnsembleMLLR
F691L:I702N,-6.96083984375,EnsembleMLLR
F691L:I702T,-1.5620117187499998,EnsembleMLLR
F691L:I702V,1.04130859375,EnsembleMLLR
F691L:I703F,-3.7293457031250004,EnsembleMLLR
F691L:I703L,-0.9839843749999999,EnsembleMLLR
F691L:I703M,-2.3820068359374997,EnsembleMLLR
F691L:I703N,-10.3446533203125,EnsembleMLLR
F691L:I703S,-6.1636962890625,EnsembleMLLR
F691L:I703T,-3.49461669921875,EnsembleMLLR
F691L:I703V,0.32343750000000004,EnsembleMLLR
F691L:I712K,-10.225390625000001,EnsembleMLLR
F691L:G709V,-1.4848144531249998,EnsembleMLLR
F691L:G704E,-10.903589248657227,EnsembleMLLR
F691L:S697T,0.9255859375,EnsembleMLLR
F691L:V695E,3.1167968750000004,EnsembleMLLR
F691S:A701T,1.08408203125,EnsembleMLLR
F691S:A701V,1.353662109375,EnsembleMLLR
F691S:A713E,-8.8529296875,EnsembleMLLR
F691S:A713G,-0.3279785156249999,EnsembleMLLR
F691S:A713S,-0.6513183593749998,EnsembleMLLR
F691S:A713T,1.0632812500000002,EnsembleMLLR
F691S:A713V,2.2618164062500004,EnsembleMLLR
F691S:D694E,3.2472656250000003,EnsembleMLLR
F691S:D694G,2.684765625,EnsembleMLLR
F691S:D694H,1.0689453125,EnsembleMLLR
F691S:D694N,2.079296875,EnsembleMLLR
F691S:D694V,1.3732421874999998,EnsembleMLLR
F691S:E693D,2.9210937500000003,EnsembleMLLR
F691S:E693G,2.5259765625,EnsembleMLLR
F691S:E693K,1.90703125,EnsembleMLLR
F691S:E693Q,1.7166015625,EnsembleMLLR
F691S:E693V,1.1841796875000001,EnsembleMLLR
F691S:G696A,2.6380859375,EnsembleMLLR
F691S:G696C,-3.9949218749999997,EnsembleMLLR
F691S:G696D,2.5533203125000004,EnsembleMLLR
F691S:G696R,0.9722656249999999,EnsembleMLLR
F691S:G696S,3.5814453124999996,EnsembleMLLR
F691S:G696V,1.4568359374999997,EnsembleMLLR
F691S:G700C,-6.97314453125,EnsembleMLLR
F691S:G700D,-1.9786132812500004,EnsembleMLLR
F691S:A701S,0.6645263671874999,EnsembleMLLR
F691S:A701G,-1.1773925781249996,EnsembleMLLR
F691S:A701E,-3.611279296875,EnsembleMLLR
F691S:A692V,2.8175781250000003,EnsembleMLLR
F691L:V695G,2.947265625,EnsembleMLLR
F691L:V695K,2.3421875,EnsembleMLLR
F691L:V695L,1.36875,EnsembleMLLR
F691L:V695M,0.45976562499999996,EnsembleMLLR
F691L:V707A,-0.18388671874999996,EnsembleMLLR
F691L:V707E,-9.247802734375,EnsembleMLLR
F691L:V707G,-4.0459960937499995,EnsembleMLLR
F691L:V707L,0.07373046875,EnsembleMLLR
F691L:V707M,-1.5274414062500001,EnsembleMLLR
F691L:V710A,0.9864257812499999,EnsembleMLLR
F691L:V710D,-11.25078125,EnsembleMLLR
F691L:V710I,0.7138671875,EnsembleMLLR
F691L:V695A,2.53828125,EnsembleMLLR
F691L:V710L,1.301171875,EnsembleMLLR
F691L:V711D,-11.0896484375,EnsembleMLLR
F691L:V711F,-0.5544921875000002,EnsembleMLLR
F691L:V711G,-2.3029296875000003,EnsembleMLLR
F691L:V711I,0.8658203125,EnsembleMLLR
F691L:V711L,1.872021484375,EnsembleMLLR
F691N,2.218359375,EnsembleMLLR
F691P,2.366015625,EnsembleMLLR
F691R,2.44453125,EnsembleMLLR
F691S,3.389453125,EnsembleMLLR
F691S:A692E,3.9248046875,EnsembleMLLR
F691S:A692S,3.53515625,EnsembleMLLR
F691S:A692T,2.91875,EnsembleMLLR
F691L:V711A,2.1535156250000003,EnsembleMLLR
F691S:G700S,1.3678222656249999,EnsembleMLLR
F691L:G700V,-2.17373046875,EnsembleMLLR
F691L:G700D,-3.2845703125,EnsembleMLLR
F691I:I703T,-4.1044921875,EnsembleMLLR
F691I:I703V,-0.44636230468750004,EnsembleMLLR
F691I:I712K,-10.2357421875,EnsembleMLLR
F691I:I712L,2.908740234375,EnsembleMLLR
F691I:I712M,0.08710937500000004,EnsembleMLLR
F691I:I712T,-2.1146484375,EnsembleMLLR
F691I:I712V,2.0721679687499996,EnsembleMLLR
F691I:K699E,-3.2132812499999996,EnsembleMLLR
F691I:K699I,-1.7708984375,EnsembleMLLR
F691I:K699N,-1.2707031249999998,EnsembleMLLR
F691I:K699Q,-0.37968749999999996,EnsembleMLLR
F691I:K699R,2.02861328125,EnsembleMLLR
F691I:K699T,0.5768554687499999,EnsembleMLLR
F691I:L705F,-3.1420654296875,EnsembleMLLR
F691I:L705H,-11.44508056640625,EnsembleMLLR
F691I:L705I,-1.180242919921875,EnsembleMLLR
F691I:L705P,-8.433294677734374,EnsembleMLLR
F691I:L705R,-10.5280517578125,EnsembleMLLR
F691I:M706I,2.4439453125,EnsembleMLLR
F691I:M706K,-7.458203125,EnsembleMLLR
F691I:M706L,4.85828857421875,EnsembleMLLR
F691I:M706R,-7.475781250000001,EnsembleMLLR
F691I:M706T,-0.38320312499999987,EnsembleMLLR
F691I:M706V,2.776171875,EnsembleMLLR
F691I:N698D,-2.1537109375,EnsembleMLLR
F691I:I703N,-10.830664062499999,EnsembleMLLR
F691I:I703F,-3.3692382812499995,EnsembleMLLR
F691I:I702V,0.43671874999999993,EnsembleMLLR
F691I:I702T,-2.495556640625,EnsembleMLLR
F691I:D694Y,-1.9367187500000003,EnsembleMLLR
F691I:E693A,0.33515625000000004,EnsembleMLLR
F691I:E693D,1.2939453125,EnsembleMLLR
F691I:E693G,0.6416015625,EnsembleMLLR
F691I:E693K,-0.1753906249999999,EnsembleMLLR
F691I:E693V,-0.9673828124999999,EnsembleMLLR
F691I:G696C,-5.32734375,EnsembleMLLR
F691I:G696D,0.2740234375,EnsembleMLLR
F691I:G696S,1.916015625,EnsembleMLLR
F691I:G696V,-0.33203125,EnsembleMLLR
F691I:G700A,-0.530029296875,EnsembleMLLR
F691I:G700C,-8.655957031249999,EnsembleMLLR
F691I:N698I,-3.0912109375,EnsembleMLLR
F691I:G700D,-3.9160156250000004,EnsembleMLLR
F691I:G704E,-10.587484169006347,EnsembleMLLR
F691I:G704R,-11.301090240478516,EnsembleMLLR
F691I:G708A,1.4423828125,EnsembleMLLR
F691I:G708C,-3.3186523437499997,EnsembleMLLR
F691I:G708D,-10.833740234375,EnsembleMLLR
F691I:G708S,-3.1040771484375003,EnsembleMLLR
F691I:G708V,0.0625,EnsembleMLLR
F691I:G709C,-2.269189453125,EnsembleMLLR
F691I:G709D,-10.24786376953125,EnsembleMLLR
F691I:G709S,-1.372412109375,EnsembleMLLR
F691I:I702F,-1.7888671875,EnsembleMLLR
F691I:I702N,-7.3064453125,EnsembleMLLR
F691I:G700S,-0.5927001953125,EnsembleMLLR
F691L:G700S,-0.009863281250000133,EnsembleMLLR
F691I:N698S,1.30986328125,EnsembleMLLR
F691I:S697L,-0.67109375,EnsembleMLLR
F691L:A701T,-0.12495117187500004,EnsembleMLLR
F691L:A701V,-0.08686523437500004,EnsembleMLLR
F691L:A713E,-10.672412109375001,EnsembleMLLR
F691L:A713G,-1.5976074218750003,EnsembleMLLR
F691L:A713S,-1.6213867187500002,EnsembleMLLR
F691L:A713T,-1.37900390625,EnsembleMLLR
F691L:A713V,0.491943359375,EnsembleMLLR
F691L:D694E,1.8619140625,EnsembleMLLR
F691L:D694G,0.9841796875,EnsembleMLLR
F691L:D694N,0.7021484374999999,EnsembleMLLR
F691L:D694V,-0.11386718750000013,EnsembleMLLR
F691L:D694Y,-1.8287109375,EnsembleMLLR
F691L:E693A,0.5964843750000002,EnsembleMLLR
F691L:E693D,1.740234375,EnsembleMLLR
F691L:E693G,0.8103515625000001,EnsembleMLLR
F691L:E693K,0.4087890624999999,EnsembleMLLR
F691L:E693V,0.3587890625000001,EnsembleMLLR
F691L:G696A,1.2884765624999999,EnsembleMLLR
F691L:G696C,-4.873046875,EnsembleMLLR
F691L:G696D,0.6824218750000001,EnsembleMLLR
F691L:G696R,-0.01621093749999991,EnsembleMLLR
F691L:G696S,2.4787109375,EnsembleMLLR
F691L:G696V,0.08632812500000009,EnsembleMLLR
F691L:G700A,0.0782470703125,EnsembleMLLR
F691L:G700C,-8.4812744140625,EnsembleMLLR
F691L:A701S,-1.3541015625,EnsembleMLLR
F691L:A701P,-0.842578125,EnsembleMLLR
F691L:A701G,-2.26640625,EnsembleMLLR
F691L:A701E,-4.9603515625,EnsembleMLLR
F691I:S697P,0.04843750000000013,EnsembleMLLR
F691I:S697T,0.6361328125000001,EnsembleMLLR
F691I:V695A,2.18671875,EnsembleMLLR
F691I:V695E,2.711328125,EnsembleMLLR
F691I:V695G,2.1656250000000004,EnsembleMLLR
F691I:V695M,0.17304687500000004,EnsembleMLLR
F691I:V707A,-0.20683593750000018,EnsembleMLLR
F691I:V707E,-9.93779296875,EnsembleMLLR
F691I:V707L,-0.979541015625,EnsembleMLLR
F691I:V707M,-1.72958984375,EnsembleMLLR
F691I:V710A,0.8206054687500001,EnsembleMLLR
F691I:V710D,-12.03701171875,EnsembleMLLR
F691I:N698Y,-2.2609375000000003,EnsembleMLLR
F691I:V710I,0.291015625,EnsembleMLLR
F691I:V711D,-11.2373046875,EnsembleMLLR
F691I:V711F,-1.3589843750000001,EnsembleMLLR
F691I:V711G,-2.592578125,EnsembleMLLR
F691I:V711I,0.35019531250000013,EnsembleMLLR
F691I:V711L,1.509765625,EnsembleMLLR
F691L,1.55625,EnsembleMLLR
F691L:A692E,2.3357421875,EnsembleMLLR
F691L:A692G,1.8341796875,EnsembleMLLR
F691L:A692P,1.4828125,EnsembleMLLR
F691L:A692S,2.03203125,EnsembleMLLR
F691L:A692T,1.569921875,EnsembleMLLR
F691L:A692V,0.916796875,EnsembleMLLR
F691I:V711A,1.8422119140625002,EnsembleMLLR
F691S:G704E,-9.05773468017578,EnsembleMLLR
F691S:G704R,-9.201003646850586,EnsembleMLLR
F691S:G704V,-6.136502075195313,EnsembleMLLR
F691Y:I703V,-1.089697265625,EnsembleMLLR
F691Y:I712K,-11.22265625,EnsembleMLLR
F691Y:I712L,1.38681640625,EnsembleMLLR
F691Y:I712M,-0.8138671874999999,EnsembleMLLR
F691Y:I712T,-2.8679687499999997,EnsembleMLLR
F691Y:I712V,0.911328125,EnsembleMLLR
F691Y:K699E,-3.8677734375000004,EnsembleMLLR
F691Y:K699I,-2.7828125000000004,EnsembleMLLR
F691Y:K699N,-2.6626953125000004,EnsembleMLLR
F691Y:K699Q,-1.22734375,EnsembleMLLR
F691Y:K699R,1.48251953125,EnsembleMLLR
F691Y:K699T,0.0650390625,EnsembleMLLR
F691Y:L705F,-4.274432373046875,EnsembleMLLR
F691Y:L705H,-11.7166748046875,EnsembleMLLR
F691Y:L705I,-2.35816650390625,EnsembleMLLR
F691Y:L705P,-7.953256225585937,EnsembleMLLR
F691Y:L705R,-11.41016845703125,EnsembleMLLR
F691Y:L705V,-2.28619384765625,EnsembleMLLR
F691Y:M706I,1.8136718749999998,EnsembleMLLR
F691Y:M706K,-8.122265624999999,EnsembleMLLR
F691Y:M706L,4.6468505859375,EnsembleMLLR
F691Y:M706R,-8.244531250000001,EnsembleMLLR
F691Y:M706V,1.8611328125000002,EnsembleMLLR
F691Y:N698D,-3.0228515625,EnsembleMLLR
F691Y:N698I,-4.33115234375,EnsembleMLLR
F691Y:I703T,-4.332470703125,EnsembleMLLR
F691Y:I703N,-10.6234375,EnsembleMLLR
F691Y:I703L,-1.9179687499999998,EnsembleMLLR
F691Y:I703F,-5.2330322265625,EnsembleMLLR
F691Y:G696V,-1.0714843749999998,EnsembleMLLR
F691Y:G700A,-1.4075927734375,EnsembleMLLR
F691Y:G700C,-9.743701171875,EnsembleMLLR
F691Y:G700D,-4.7560058593750005,EnsembleMLLR
F691Y:G700R,-5.52568359375,EnsembleMLLR
F691Y:G700S,-1.4157836914062498,EnsembleMLLR
F691Y:G700V,-4.22470703125,EnsembleMLLR
F691Y:G704A,-3.397053527832031,EnsembleMLLR
F691Y:G704E,-11.678330230712891,EnsembleMLLR
F691Y:G704R,-11.397084426879882,EnsembleMLLR
F691Y:G704V,-8.063451385498047,EnsembleMLLR
F691Y:G708A,-1.1050048828125,EnsembleMLLR
F691Y:N698S,0.348046875,EnsembleMLLR
F691Y:G708C,-3.44935302734375,EnsembleMLLR
F691Y:G708R,-10.547900390625001,EnsembleMLLR
F691Y:G708S,-3.6232666015625,EnsembleMLLR
F691Y:G708V,-2.1744140625,EnsembleMLLR
F691Y:G709A,-0.5741455078125,EnsembleMLLR
F691Y:G709C,-3.20556640625,EnsembleMLLR
F691Y:G709D,-10.998156738281251,EnsembleMLLR
F691Y:G709R,-12.707128906249999,EnsembleMLLR
F691Y:G709S,-3.37725830078125,EnsembleMLLR
F691Y:I702F,-2.98603515625,EnsembleMLLR
F691Y:I702N,-8.638281249999999,EnsembleMLLR
F691Y:I702T,-3.6271484375000003,EnsembleMLLR
F691Y:I702V,-0.20654296875000006,EnsembleMLLR
F691Y:G708D,-11.05048828125,EnsembleMLLR
F691Y:G696S,0.6013671875000001,EnsembleMLLR
F691Y:N698T,-1.96396484375,EnsembleMLLR
F691Y:S697A,0.06777343749999998,EnsembleMLLR
F691I:A701T,-0.711376953125,EnsembleMLLR
F691I:A701S,-1.3889404296875,EnsembleMLLR
F691I:A701P,-0.9820312500000001,EnsembleMLLR
F691I:A701G,-2.9914794921875,EnsembleMLLR
F691I:A701E,-5.291796875,EnsembleMLLR
F691I:A692V,0.476171875,EnsembleMLLR
F691I:A692T,1.05546875,EnsembleMLLR
F691I:A692S,1.58203125,EnsembleMLLR
F691I:A692P,1.1203125,EnsembleMLLR
F691I:A692E,1.8919921875,EnsembleMLLR
F691I,1.09453125,EnsembleMLLR
F691H,1.9921875,EnsembleMLLR
F691D,2.877734375,EnsembleMLLR
F691C:V711D,-16.657812500000002,EnsembleMLLR
F691C:V695E,-2.127734375,EnsembleMLLR
F691C:V695A,-2.532421875,EnsembleMLLR
F691C:S697T,-3.812109375,EnsembleMLLR
F691C:N698Y,-6.8962890625,EnsembleMLLR
F691C:N698D,-6.40263671875,EnsembleMLLR
F691C:M706V,-2.2466796875,EnsembleMLLR
F691C:L705P,-11.70201416015625,EnsembleMLLR
F691C:L705H,-15.40592041015625,EnsembleMLLR
F691C:K699R,-2.58623046875,EnsembleMLLR
F691C:K699N,-6.0125,EnsembleMLLR
F691C:I712V,-2.5365234375,EnsembleMLLR
F691I:A701V,0.30620117187499996,EnsembleMLLR
F691I:A713E,-10.442333984375,EnsembleMLLR
F691I:A713G,-2.430126953125,EnsembleMLLR
F691I:A713S,-2.8177490234375,EnsembleMLLR
F691Y:S697L,-0.9955078125000001,EnsembleMLLR
F691Y:S697P,-1.1826171875,EnsembleMLLR
F691Y:S697T,-0.4984375,EnsembleMLLR
F691Y:V695A,1.14375,EnsembleMLLR
F691Y:V695E,1.44609375,EnsembleMLLR
F691Y:V695G,1.56171875,EnsembleMLLR
F691Y:V695L,0.22929687499999998,EnsembleMLLR
F691Y:V695M,-0.9445312499999999,EnsembleMLLR
F691Y:V707A,-1.88388671875,EnsembleMLLR
F691Y:V707E,-10.851757812499999,EnsembleMLLR
F691Y:V707G,-4.327001953125,EnsembleMLLR
F691Y:V707L,-1.7002929687500001,EnsembleMLLR
F691Y:N698Y,-3.002734375,EnsembleMLLR
F691Y:V707M,-2.652001953125,EnsembleMLLR
F691Y:V710D,-12.566796875000001,EnsembleMLLR
F691Y:V710I,-0.708203125,EnsembleMLLR
F691Y:V710L,-0.75859375,EnsembleMLLR
F691Y:V711A,1.6576904296875001,EnsembleMLLR
F691Y:V711D,-12.813671875,EnsembleMLLR
F691Y:V711F,-2.1160156249999997,EnsembleMLLR
F691Y:V711G,-3.852734375,EnsembleMLLR
F691Y:V711I,-0.5998046875,EnsembleMLLR
F691Y:V711L,-0.008593749999999983,EnsembleMLLR
F691I:D694G,0.4970703125,EnsembleMLLR
F691I:D694E,1.099609375,EnsembleMLLR
F691I:A713T,-0.951904296875,EnsembleMLLR
F691Y:V710A,-0.38437499999999997,EnsembleMLLR
F691Y:G696R,-1.15859375,EnsembleMLLR
F691Y:G696D,-0.418359375,EnsembleMLLR
F691Y:G696C,-6.59609375,EnsembleMLLR
F691S:L705H,-10.304003906250001,EnsembleMLLR
F691S:L705I,0.5435607910156253,EnsembleMLLR
F691S:L705P,-5.948779296874999,EnsembleMLLR
F691S:L705V,0.4282470703125001,EnsembleMLLR
F691S:M706I,5.1158203125,EnsembleMLLR
F691S:M706K,-5.5218750000000005,EnsembleMLLR
F691S:M706L,7.1211669921875,EnsembleMLLR
F691S:M706T,1.28671875,EnsembleMLLR
F691S:M706V,4.8703125,EnsembleMLLR
F691S:N698D,-0.47597656249999964,EnsembleMLLR
F691S:N698H,1.21103515625,EnsembleMLLR
F691S:N698I,-1.1240234375,EnsembleMLLR
F691S:N698K,0.8316406249999999,EnsembleMLLR
F691S:N698S,2.5330078124999997,EnsembleMLLR
F691S:N698T,1.99951171875,EnsembleMLLR
F691S:N698Y,-1.2976562500000002,EnsembleMLLR
F691S:S697A,2.8341796875,EnsembleMLLR
F691S:S697L,2.9509765625,EnsembleMLLR
F691S:S697P,1.9185546875,EnsembleMLLR
F691S:S697T,2.6439453125,EnsembleMLLR
F691S:V695A,3.7992187499999996,EnsembleMLLR
F691S:V695E,4.4748046875,EnsembleMLLR
F691S:V695G,4.415625,EnsembleMLLR
F691S:V695M,1.9810546875000001,EnsembleMLLR
F691S:V707A,1.4625976562500003,EnsembleMLLR
F691S:L705F,-1.2059570312499996,EnsembleMLLR
F691S:K699T,1.7943359374999999,EnsembleMLLR
F691S:K699R,3.444091796875,EnsembleMLLR
F691S:K699N,1.0515624999999997,EnsembleMLLR
F691S:G708C,-0.6883789062500001,EnsembleMLLR
F691S:G708D,-8.55469970703125,EnsembleMLLR
F691S:G708R,-7.3538818359375,EnsembleMLLR
F691S:G708S,-0.9171875000000003,EnsembleMLLR
F691S:G708V,1.6723144531249998,EnsembleMLLR
F691S:G709A,2.353955078125,EnsembleMLLR
F691S:G709C,-0.3367919921875,EnsembleMLLR
F691S:G709D,-8.2030029296875,EnsembleMLLR
F691S:G709R,-9.7407470703125,EnsembleMLLR
F691S:G709S,1.1269287109375,EnsembleMLLR
F691S:G709V,1.0803710937500002,EnsembleMLLR
F691S:I702F,-0.5635742187499999,EnsembleMLLR
F691S:V707E,-8.51806640625,EnsembleMLLR
F691S:I702N,-5.50048828125,EnsembleMLLR
F691S:I702V,2.78759765625,EnsembleMLLR
F691S:I703F,-0.68701171875,EnsembleMLLR
F691S:I703N,-8.467041015625,EnsembleMLLR
F691S:I703T,-1.9974609375,EnsembleMLLR
F691S:I703V,1.4339477539062497,EnsembleMLLR
F691S:I712K,-7.75625,EnsembleMLLR
F691S:I712L,4.247363281249999,EnsembleMLLR
F691S:I712M,1.6535156250000003,EnsembleMLLR
F691S:I712T,0.619140625,EnsembleMLLR
F691S:I712V,3.87998046875,EnsembleMLLR
F691S:K699E,-1.2304687500000004,EnsembleMLLR
F691S:K699I,0.4427734375000001,EnsembleMLLR
F691S:I702T,-0.3553710937500001,EnsembleMLLR
F691S:V707L,1.9052734375,EnsembleMLLR
F691S:V707M,0.9717773437500004,EnsembleMLLR
F691S:V710A,2.791796875,EnsembleMLLR
F691V:V707A,0.7315917968749999,EnsembleMLLR
F691Y,0.3921875,EnsembleMLLR
F691Y:A692E,1.0404296875,EnsembleMLLR
F691Y:A692G,0.8550781249999999,EnsembleMLLR
F691Y:A692S,0.83671875,EnsembleMLLR
F691Y:A692T,0.24921875,EnsembleMLLR
F691Y:A692V,-0.59765625,EnsembleMLLR
F691Y:A701E,-6.266845703125,EnsembleMLLR
F691Y:A701S,-2.4449707031249996,EnsembleMLLR
F691Y:A701T,-1.4271484375,EnsembleMLLR
F691Y:A701V,-1.3920410156249998,EnsembleMLLR
F691Y:A713E,-12.335009765625,EnsembleMLLR
F691V:V695E,3.5771484375,EnsembleMLLR
F691Y:A713G,-2.53056640625,EnsembleMLLR
F691Y:A713T,-2.4583984375,EnsembleMLLR
F691Y:A713V,-0.8357910156249999,EnsembleMLLR
F691Y:D694E,0.306640625,EnsembleMLLR
F691Y:D694G,-0.390234375,EnsembleMLLR
F691Y:D694N,-0.7785156249999999,EnsembleMLLR
F691Y:D694V,-1.0263671875,EnsembleMLLR
F691Y:D694Y,-3.0068359375,EnsembleMLLR
F691Y:E693D,0.2619140625,EnsembleMLLR
F691Y:E693G,-0.482421875,EnsembleMLLR
F691Y:E693K,-0.8652343750000001,EnsembleMLLR
F691Y:E693V,-1.65703125,EnsembleMLLR
F691Y:G696A,-0.0007812500000000111,EnsembleMLLR
F691Y:A713S,-3.959375,EnsembleMLLR
F691C:I703V,-5.04669189453125,EnsembleMLLR
F691V:S697T,1.4835937499999998,EnsembleMLLR
F691V:S697A,1.8583984375000002,EnsembleMLLR
F691S:V710D,-9.7220703125,EnsembleMLLR
F691S:V710I,2.1353515625,EnsembleMLLR
F691S:V711A,3.8400390625,EnsembleMLLR
F691S:V711D,-9.89873046875,EnsembleMLLR
F691S:V711I,2.2097656249999997,EnsembleMLLR
F691T,2.489453125,EnsembleMLLR
F691V,2.3546875,EnsembleMLLR
F691V:A701V,0.825146484375,EnsembleMLLR
F691V:D694E,2.5949218750000003,EnsembleMLLR
F691V:E693G,1.90390625,EnsembleMLLR
F691V:G696C,-4.38125,EnsembleMLLR
F691V:G696D,2.3462890625,EnsembleMLLR
F691V:S697L,1.095703125,EnsembleMLLR
F691V:G708C,-1.7202636718750002,EnsembleMLLR
F691V:G709C,-1.35506591796875,EnsembleMLLR
F691V:I703T,-2.989990234375,EnsembleMLLR
F691V:I703V,0.7537597656249999,EnsembleMLLR
F691V:I712K,-9.4697265625,EnsembleMLLR
F691V:I712M,0.8939453125000001,EnsembleMLLR
F691V:K699E,-2.0662109375,EnsembleMLLR
F691V:K699N,-0.43232421875000027,EnsembleMLLR
F691V:L705H,-10.42613525390625,EnsembleMLLR
F691V:L705P,-7.504437255859375,EnsembleMLLR
F691V:M706L,6.41591796875,EnsembleMLLR
F691V:N698D,-0.8751953124999998,EnsembleMLLR
F691V:N698Y,-1.6693359375,EnsembleMLLR
F691V:G708D,-9.25224609375,EnsembleMLLR
F691Y:M706T,-1.9835937500000003,EnsembleMLLR
F691I:D694V,-0.12128906250000004,EnsembleMLLR
F691I:D694N,0.05625000000000002,EnsembleMLLR
A692T:D694G,-0.769140625,EnsembleMLLR
A692T:I702F,-4.516015625,EnsembleMLLR
A692T:G709S,-3.2986328125,EnsembleMLLR
A692T:G709D,-11.414794921875,EnsembleMLLR
A692T:G709C,-3.191455078125,EnsembleMLLR
A692T:G708V,-2.5124267578125,EnsembleMLLR
A692T:G708S,-3.4462402343750003,EnsembleMLLR
A692T:G708D,-12.35341796875,EnsembleMLLR
A692T:G708C,-4.2590576171875005,EnsembleMLLR
A692T:I702N,-8.590429687499999,EnsembleMLLR
A692T:G708A,-1.0443115234375,EnsembleMLLR
A692T:G704E,-12.156041717529297,EnsembleMLLR
A692T:G700S,-1.86201171875,EnsembleMLLR
A692T:G700D,-4.855078125,EnsembleMLLR
A692T:G700C,-9.763720703125,EnsembleMLLR
A692T:G696V,-1.8783203125,EnsembleMLLR
A692T:G696S,0.49316406250000006,EnsembleMLLR
A692T:G696R,-2.0669921875,EnsembleMLLR
A692T:G696D,-0.742578125,EnsembleMLLR
A692T:G696C,-6.918359375,EnsembleMLLR
A692T:G704R,-12.096549224853515,EnsembleMLLR
A692T:I702T,-3.98125,EnsembleMLLR
A692T:I702V,-0.7249023437500001,EnsembleMLLR
A692T:I703F,-4.98515625,EnsembleMLLR
A692T:M706L,3.946295166015625,EnsembleMLLR
A692T:M706K,-8.169921875,EnsembleMLLR
A692T:M706I,1.708984375,EnsembleMLLR
A692T:L705P,-9.2546142578125,EnsembleMLLR
A692T:L705I,-1.5657714843750001,EnsembleMLLR
A692T:L705H,-13.502706909179688,EnsembleMLLR
A692T:L705F,-4.6022705078125,EnsembleMLLR
A692T:K699R,0.33574218749999996,EnsembleMLLR
A692T:K699Q,-1.586328125,EnsembleMLLR
A692T:K699N,-2.6,EnsembleMLLR
A692T:K699I,-3.6556640625,EnsembleMLLR
A692T:K699E,-4.4136718749999995,EnsembleMLLR
A692T:I712V,0.6649414062500001,EnsembleMLLR
A692T:I712T,-3.2146484374999997,EnsembleMLLR
A692T:I712M,-1.3830078125,EnsembleMLLR
A692T:I712L,1.5683105468749998,EnsembleMLLR
A692T:I712K,-11.9708984375,EnsembleMLLR
A692T:I703V,-1.3365234375000001,EnsembleMLLR
A692T:I703T,-5.2125244140625,EnsembleMLLR
A692T:I703N,-12.773120117187501,EnsembleMLLR
A692T:I703M,-4.72845458984375,EnsembleMLLR
A692T:G696A,-0.1767578125,EnsembleMLLR
A692T:M706T,-2.581640625,EnsembleMLLR
A692T:E693V,-2.098828125,EnsembleMLLR
A692T:E693G,-0.9130859375,EnsembleMLLR
A692S:M706I,1.9621093749999998,EnsembleMLLR
A692S:L705P,-8.286187744140625,EnsembleMLLR
A692S:L705H,-11.728515625,EnsembleMLLR
A692S:L705F,-4.3873779296875,EnsembleMLLR
A692S:K699R,0.7464843750000001,EnsembleMLLR
A692S:K699I,-2.1652343750000003,EnsembleMLLR
A692S:I712T,-3.559375,EnsembleMLLR
A692S:I712M,-0.9189453125,EnsembleMLLR
A692S:I712L,2.1151855468750003,EnsembleMLLR
A692S:M706V,1.4269531249999998,EnsembleMLLR
A692S:I703V,-0.8707519531250001,EnsembleMLLR
A692S:I702V,0.02958984375000001,EnsembleMLLR
A692S:G709C,-3.9654052734375003,EnsembleMLLR
A692S:G708C,-3.9191162109375,EnsembleMLLR
A692S:G700D,-4.5111083984375,EnsembleMLLR
A692S:G700C,-10.0094970703125,EnsembleMLLR
A692S:G696S,1.24609375,EnsembleMLLR
A692S:G696C,-6.4076171875,EnsembleMLLR
A692S:E693G,-0.27890624999999997,EnsembleMLLR
A692S:E693D,0.26933593749999996,EnsembleMLLR
A692S:I703T,-4.4972412109375,EnsembleMLLR
A692S:N698D,-3.03818359375,EnsembleMLLR
A692S:N698Y,-3.58388671875,EnsembleMLLR
A692S:S697T,-0.30292968750000004,EnsembleMLLR
A692T:E693D,-0.230078125,EnsembleMLLR
A692T:D694V,-1.842578125,EnsembleMLLR
A692T:D694N,-0.9986328125,EnsembleMLLR
A692T:D694E,-0.1982421875,EnsembleMLLR
A692T:A713V,-0.991455078125,EnsembleMLLR
A692T:A713T,-3.030517578125,EnsembleMLLR
A692T:A713S,-4.367626953125001,EnsembleMLLR
A692T:A713E,-12.18388671875,EnsembleMLLR
A692T:A701V,-1.9812988281250001,EnsembleMLLR
A692T:A701T,-2.090234375,EnsembleMLLR
A692T:A701S,-2.7203125,EnsembleMLLR
A692T:A701G,-3.623974609375,EnsembleMLLR
A692T:A701E,-6.862451171875,EnsembleMLLR
A692T,-0.18984375,EnsembleMLLR
A692S:V711A,0.331494140625,EnsembleMLLR
A692S:V710I,-0.4349609375,EnsembleMLLR
A692S:V710D,-12.762109375,EnsembleMLLR
A692S:V710A,-0.056640625,EnsembleMLLR
A692S:V707M,-2.5188720703125,EnsembleMLLR
A692S:V695G,1.9937500000000001,EnsembleMLLR
A692S:V695E,1.78203125,EnsembleMLLR
A692T:E693K,-1.7244140625000002,EnsembleMLLR
A692T:M706V,1.3134765625,EnsembleMLLR
A692T:N698D,-2.9763671875,EnsembleMLLR
A692T:N698I,-5.306982421875,EnsembleMLLR
A692V:L705P,-10.238043212890624,EnsembleMLLR
A692V:L705H,-13.688330078125,EnsembleMLLR
A692V:L705F,-5.421533203125,EnsembleMLLR
A692V:K699T,-0.7837890625,EnsembleMLLR
A692V:K699R,0.18520507812499998,EnsembleMLLR
A692V:K699N,-3.8259765624999997,EnsembleMLLR
A692V:K699I,-4.33828125,EnsembleMLLR
A692V:K699E,-5.4380859375,EnsembleMLLR
A692V:I712V,0.27949218749999993,EnsembleMLLR
A692V:M706I,1.261328125,EnsembleMLLR
A692V:I712T,-4.19765625,EnsembleMLLR
A692V:I712L,0.7980957031249999,EnsembleMLLR
A692V:I712K,-12.4501953125,EnsembleMLLR
A692V:I703V,-1.8196044921875,EnsembleMLLR
A692V:I703T,-5.6140869140625,EnsembleMLLR
A692V:I703N,-12.359082031249999,EnsembleMLLR
A692V:I703F,-6.0245605468750005,EnsembleMLLR
A692V:I702V,-1.29619140625,EnsembleMLLR
A692V:I702T,-4.800488281250001,EnsembleMLLR
A692V:I702N,-8.4994140625,EnsembleMLLR
A692V:I712M,-1.831640625,EnsembleMLLR
A692V:M706K,-9.426953125,EnsembleMLLR
A692V:M706L,2.4490966796875,EnsembleMLLR
A692V:M706T,-2.12421875,EnsembleMLLR
A692V:V711L,-0.5006835937499999,EnsembleMLLR
A692V:V711D,-13.249218749999999,EnsembleMLLR
A692V:V711A,-0.35302734375,EnsembleMLLR
A692V:V710I,-1.83212890625,EnsembleMLLR
A692V:V710D,-13.971484375,EnsembleMLLR
A692V:V710A,-1.00869140625,EnsembleMLLR
A692V:V707M,-3.738671875,EnsembleMLLR
A692V:V707E,-11.954541015624999,EnsembleMLLR
A692V:V707A,-2.5155273437499996,EnsembleMLLR
A692V:V695G,0.7328125000000001,EnsembleMLLR
A692V:V695E,0.749609375,EnsembleMLLR
A692V:V695A,0.23320312500000007,EnsembleMLLR
A692V:S697T,-1.4927734375,EnsembleMLLR
A692V:S697P,-2.219921875,EnsembleMLLR
A692V:S697L,-0.9560546875,EnsembleMLLR
A692V:N698Y,-4.011865234375,EnsembleMLLR
A692V:N698T,-1.6162109375,EnsembleMLLR
A692V:N698S,-1.5478027343749998,EnsembleMLLR
A692V:N698I,-5.0640625,EnsembleMLLR
A692V:N698D,-3.9041015625,EnsembleMLLR
A692V:M706V,0.630078125,EnsembleMLLR
A692V:I702F,-4.6958984375,EnsembleMLLR
A692S:D694E,0.39824218749999996,EnsembleMLLR
A692V:G709S,-4.055078125,EnsembleMLLR
A692V:G709C,-4.28701171875,EnsembleMLLR
A692T:V711D,-12.8974609375,EnsembleMLLR
A692T:V711A,0.036230468749999994,EnsembleMLLR
A692T:V710I,-1.14814453125,EnsembleMLLR
A692T:V710F,-2.7865234375,EnsembleMLLR
A692T:V710D,-13.3619140625,EnsembleMLLR
A692T:V710A,-1.2393554687500001,EnsembleMLLR
A692T:V707M,-2.960693359375,EnsembleMLLR
A692T:V707L,-2.178369140625,EnsembleMLLR
A692T:V707E,-11.19140625,EnsembleMLLR
A692T:V711I,-1.165625,EnsembleMLLR
A692T:V707A,-1.913134765625,EnsembleMLLR
A692T:V695G,1.1800781249999999,EnsembleMLLR
A692T:V695E,1.379296875,EnsembleMLLR
A692T:V695A,0.534765625,EnsembleMLLR
A692T:S697T,-0.9417968750000001,EnsembleMLLR
A692T:S697P,-1.419921875,EnsembleMLLR
A692T:S697L,-0.298046875,EnsembleMLLR
A692T:N698Y,-3.955078125,EnsembleMLLR
A692T:N698T,-1.7527832031250001,EnsembleMLLR
A692T:N698S,-0.5382812499999999,EnsembleMLLR
A692T:V695M,-1.3390625,EnsembleMLLR
A692V,-0.79921875,EnsembleMLLR
A692V:A701E,-6.9671875,EnsembleMLLR
A692V:A701P,-2.7353515625,EnsembleMLLR
A692V:G708S,-3.8908203125,EnsembleMLLR
A692V:G708D,-12.4799560546875,EnsembleMLLR
A692V:G708C,-5.034423828125,EnsembleMLLR
A692V:G704V,-9.429496002197267,EnsembleMLLR
A692V:G704R,-12.654971313476564,EnsembleMLLR
A692V:G700D,-6.0543457031250005,EnsembleMLLR
A692V:G700C,-10.968041992187501,EnsembleMLLR
A692V:G696S,0.011132812499999978,EnsembleMLLR
A692V:G696D,-1.365625,EnsembleMLLR
A692V:G696C,-7.9486328125000005,EnsembleMLLR
A692V:E693V,-2.704296875,EnsembleMLLR
A692V:E693G,-1.18515625,EnsembleMLLR
A692V:E693D,-1.0091796875,EnsembleMLLR
A692V:D694V,-2.7216796875,EnsembleMLLR
A692V:D694G,-1.176953125,EnsembleMLLR
A692V:D694E,-0.47597656250000003,EnsembleMLLR
A692V:A713V,-1.967822265625,EnsembleMLLR
A692V:A713T,-2.762109375,EnsembleMLLR
A692V:A713S,-4.81572265625,EnsembleMLLR
A692V:A701V,-2.4546875,EnsembleMLLR
A692V:A701T,-2.1154296875,EnsembleMLLR
A692V:G709D,-12.1092529296875,EnsembleMLLR
A692S:A701T,-1.1271728515625,EnsembleMLLR
A692S:A713V,-0.20029296875000002,EnsembleMLLR
A692E:G696S,1.302734375,EnsembleMLLR
A692E:I703N,-11.5005615234375,EnsembleMLLR
A692E:I703T,-4.3352294921875005,EnsembleMLLR
A692E:I703V,-1.0053955078124999,EnsembleMLLR
A692E:I712K,-11.2630859375,EnsembleMLLR
A692E:I712L,2.246728515625,EnsembleMLLR
A692E:I712M,-0.6455078124999999,EnsembleMLLR
A692E:I712T,-2.723046875,EnsembleMLLR
A692E:I712V,1.3154296875,EnsembleMLLR
A692E:K699I,-3.2845703124999996,EnsembleMLLR
A692E:K699N,-2.353125,EnsembleMLLR
A692E:K699R,1.765673828125,EnsembleMLLR
A692E:L705F,-3.632373046875,EnsembleMLLR
A692E:L705H,-12.170709228515626,EnsembleMLLR
A692E:L705I,-0.99267578125,EnsembleMLLR
A692E:L705P,-9.435589599609374,EnsembleMLLR
A692E:M706K,-7.770312500000001,EnsembleMLLR
A692E:M706L,4.2727813720703125,EnsembleMLLR
A692E:M706T,-0.9343750000000001,EnsembleMLLR
A692E:M706V,2.0794921875,EnsembleMLLR
A692E:N698D,-2.4134765625,EnsembleMLLR
A692E:N698I,-3.3861328125,EnsembleMLLR
A692E:N698S,0.25771484375,EnsembleMLLR
A692E:N698Y,-3.30400390625,EnsembleMLLR
A692E:S697L,0.18964843750000004,EnsembleMLLR
A692E:S697P,-0.771875,EnsembleMLLR
A692E:I703F,-4.91865234375,EnsembleMLLR
A692E:S697T,0.0654296875,EnsembleMLLR
A692E:I702V,0.32392578125000004,EnsembleMLLR
A692E:I702F,-2.722265625,EnsembleMLLR
A692D,0.3583984375,EnsembleMLLR
A692E,0.6169921875,EnsembleMLLR
A692E:A701G,-3.30361328125,EnsembleMLLR
A692E:A701T,-1.4895507812499997,EnsembleMLLR
A692E:A701V,-1.47548828125,EnsembleMLLR
A692E:A713S,-3.585693359375,EnsembleMLLR
A692E:A713V,-0.9471923828125,EnsembleMLLR
A692E:D694E,0.47070312499999994,EnsembleMLLR
A692E:D694G,0.27539062500000006,EnsembleMLLR
A692E:D694V,-1.1017578125,EnsembleMLLR
A692E:E693D,0.7251953125,EnsembleMLLR
A692E:E693G,-0.06210937499999991,EnsembleMLLR
A692E:E693Q,-0.912109375,EnsembleMLLR
A692E:E693V,-1.3521484375,EnsembleMLLR
A692E:G696C,-5.9330078125,EnsembleMLLR
A692E:G696D,-0.19804687499999996,EnsembleMLLR
A692S,0.42109375,EnsembleMLLR
A692E:G700C,-8.741015625,EnsembleMLLR
A692E:G700D,-4.61859130859375,EnsembleMLLR
A692E:G704R,-11.843185806274414,EnsembleMLLR
A692E:G708C,-3.004150390625,EnsembleMLLR
A692E:G709A,-0.79036865234375,EnsembleMLLR
A692E:G709C,-2.8800048828125,EnsembleMLLR
A692E:G709D,-10.6663330078125,EnsembleMLLR
A692E:G709S,-2.4844726562500004,EnsembleMLLR
A692E:I702T,-2.475,EnsembleMLLR
A692E:V695A,1.3373046875,EnsembleMLLR
A692E:K699E,-4.902734375,EnsembleMLLR
A692E:V695M,-0.5744140624999999,EnsembleMLLR
A692G:N698D,-2.8251953125,EnsembleMLLR
A692G:N698I,-4.6771484375000005,EnsembleMLLR
A692G:N698S,0.18134765625,EnsembleMLLR
A692G:N698Y,-3.4072265625,EnsembleMLLR
A692G:S697P,-0.9736328125000001,EnsembleMLLR
A692G:S697T,-0.2681640625,EnsembleMLLR
A692G:V695A,1.0,EnsembleMLLR
A692G:V695E,2.021484375,EnsembleMLLR
A692G:V710D,-12.95009765625,EnsembleMLLR
A692G:V711A,1.794580078125,EnsembleMLLR
A692G:V711D,-12.699414062499999,EnsembleMLLR
A692I,-1.8515625,EnsembleMLLR
A692G:L705H,-12.04921875,EnsembleMLLR
A692P,-0.36796875,EnsembleMLLR
A692P:E693D,-0.0494140625,EnsembleMLLR
A692P:E693V,-2.0330078125,EnsembleMLLR
A692P:G696C,-7.0478515625,EnsembleMLLR
A692E:V695E,2.0126953125,EnsembleMLLR
A692P:I702V,-0.64306640625,EnsembleMLLR
A692P:M706K,-8.433984375000001,EnsembleMLLR
A692P:N698D,-3.0517578125,EnsembleMLLR
A692P:N698I,-5.22412109375,EnsembleMLLR
A692P:N698Y,-3.8814453125000004,EnsembleMLLR
A692P:S697L,-0.857421875,EnsembleMLLR
A692P:V695E,1.3232421875,EnsembleMLLR
A692P:V695M,-1.2378906250000001,EnsembleMLLR
A692P:A701V,-2.40869140625,EnsembleMLLR
A692G:K699R,0.7892578125,EnsembleMLLR
A692P:G709C,-4.36514892578125,EnsembleMLLR
A692G:K699I,-2.5267578125,EnsembleMLLR
A692G:K699N,-1.8734375,EnsembleMLLR
A692E:V707A,-1.24990234375,EnsembleMLLR
A692E:V707E,-10.53642578125,EnsembleMLLR
A692E:V707M,-1.69599609375,EnsembleMLLR
A692E:V710A,0.24687500000000007,EnsembleMLLR
A692E:V711A,0.8124267578125,EnsembleMLLR
A692E:V711D,-12.694921875,EnsembleMLLR
A692E:V711I,-0.41289062499999996,EnsembleMLLR
A692G,0.248828125,EnsembleMLLR
A692G:A713T,-2.3857421875,EnsembleMLLR
A692G:D694E,0.6710937499999999,EnsembleMLLR
A692G:E693D,0.36484375,EnsembleMLLR
A692E:V710I,-0.1416015625,EnsembleMLLR
A692G:E693V,-1.1732421875,EnsembleMLLR
A692G:E693G,-0.28203124999999996,EnsembleMLLR
A692G:I712L,1.5125000000000002,EnsembleMLLR
A692G:I712K,-11.0384765625,EnsembleMLLR
A692G:I703T,-4.174072265625,EnsembleMLLR
A692G:G709S,-2.596484375,EnsembleMLLR
A692G:I703N,-11.196142578124999,EnsembleMLLR
A692G:G708C,-3.5041015625000003,EnsembleMLLR
A692G:G696S,0.7814453125,EnsembleMLLR
A692G:G696C,-5.693359375,EnsembleMLLR
A692G:G709C,-3.5749145507812496,EnsembleMLLR
A692G:K699E,-4.48359375,EnsembleMLLR
E693D:K699R,0.7193359375,EnsembleMLLR
E693D:K699Q,-1.501953125,EnsembleMLLR
E693D:I712T,-3.4718750000000003,EnsembleMLLR
E693D:K699N,-2.9138671875,EnsembleMLLR
E693D:K699I,-2.9201171875000003,EnsembleMLLR
E693D:L705F,-4.7365356445312505,EnsembleMLLR
E693D:K699E,-5.290625,EnsembleMLLR
E693D:I712V,0.911328125,EnsembleMLLR
E693D:I703N,-12.2897216796875,EnsembleMLLR
E693D:I712K,-11.5103515625,EnsembleMLLR
E693D:I703V,-0.987255859375,EnsembleMLLR
E693D:I703T,-5.8604736328125,EnsembleMLLR
E693D:I703F,-5.111572265625,EnsembleMLLR
E693D:I702V,-0.7271484374999999,EnsembleMLLR
E693D:L705H,-12.45028076171875,EnsembleMLLR
E693D:I702N,-8.12998046875,EnsembleMLLR
E693D:I702T,-3.6004882812499996,EnsembleMLLR
E693D:I712L,0.9958984375000001,EnsembleMLLR
E693D:L705I,-2.1305419921875,EnsembleMLLR
E693D:N698T,-1.483251953125,EnsembleMLLR
E693D:L705R,-12.402453613281251,EnsembleMLLR
E693D:I702M,-2.1354492187500003,EnsembleMLLR
E693A:V707E,-12.2447265625,EnsembleMLLR
E693D,-0.129296875,EnsembleMLLR
E693D:S697T,-0.7400390625,EnsembleMLLR
E693D:S697P,-1.2345703125,EnsembleMLLR
E693D:S697L,-1.8837890625,EnsembleMLLR
E693D:S697A,-0.78515625,EnsembleMLLR
E693D:N698Y,-3.7880859375,EnsembleMLLR
E693D:L705P,-9.449658203125,EnsembleMLLR
E693D:N698S,-0.500146484375,EnsembleMLLR
E693D:N698H,-2.15224609375,EnsembleMLLR
E693D:N698D,-3.386962890625,EnsembleMLLR
E693D:M706V,1.2142578125,EnsembleMLLR
E693D:M706T,-2.5072265625,EnsembleMLLR
E693D:M706L,3.79776611328125,EnsembleMLLR
E693D:M706K,-8.4341796875,EnsembleMLLR
E693D:M706I,1.3460937499999999,EnsembleMLLR
E693D:L705V,-3.26607666015625,EnsembleMLLR
E693D:N698I,-5.0791992187499995,EnsembleMLLR
E693D:I702L,-0.89326171875,EnsembleMLLR
E693A:V695E,0.7818359374999999,EnsembleMLLR
E693D:G709S,-2.29296875,EnsembleMLLR
E693D:G696A,-0.6361328125000001,EnsembleMLLR
E693D:D694Y,-2.8312500000000003,EnsembleMLLR
E693D:D694V,-1.3955078125,EnsembleMLLR
E693D:D694N,-1.0673828125,EnsembleMLLR
E693D:D694G,-0.4943359375,EnsembleMLLR
E693D:D694E,-0.361328125,EnsembleMLLR
E693D:D694A,-0.6779296874999999,EnsembleMLLR
E693D:A713V,-1.9090576171875,EnsembleMLLR
E693D:A713T,-2.60439453125,EnsembleMLLR
E693D:A713S,-3.731201171875,EnsembleMLLR
E693D:A713E,-12.55419921875,EnsembleMLLR
E693D:A701V,-1.525244140625,EnsembleMLLR
E693D:A701T,-1.8961425781249999,EnsembleMLLR
E693D:A701S,-2.974853515625,EnsembleMLLR
E693D:A701P,-2.399951171875,EnsembleMLLR
E693D:A701G,-4.187451171875001,EnsembleMLLR
E693D:A701E,-6.51201171875,EnsembleMLLR
E693D:G696C,-6.76796875,EnsembleMLLR
E693D:G696D,-0.5880859374999999,EnsembleMLLR
E693D:G696S,0.6494140625,EnsembleMLLR
E693D:G696V,-1.41640625,EnsembleMLLR
E693D:G709R,-11.9364990234375,EnsembleMLLR
E693D:G709D,-11.679248046875001,EnsembleMLLR
E693D:G709C,-4.0197509765624995,EnsembleMLLR
E693D:G709A,-1.046142578125,EnsembleMLLR
E693D:G708V,-2.1968017578125,EnsembleMLLR
E693D:G708S,-3.12900390625,EnsembleMLLR
E693D:G708R,-10.9678955078125,EnsembleMLLR
E693D:G708D,-11.5537109375,EnsembleMLLR
E693D:I702F,-3.51162109375,EnsembleMLLR
E693D:G708C,-3.39169921875,EnsembleMLLR
E693D:G704R,-11.960791015625,EnsembleMLLR
E693D:G704E,-12.039454650878906,EnsembleMLLR
E693D:G700V,-3.75087890625,EnsembleMLLR
E693D:G700S,-1.415380859375,EnsembleMLLR
E693D:G700R,-5.84267578125,EnsembleMLLR
E693D:G700D,-5.1384765625,EnsembleMLLR
E693D:G700C,-9.881494140625,EnsembleMLLR
E693D:G700A,-1.16533203125,EnsembleMLLR
E693D:G704V,-7.081494140625,EnsembleMLLR
E693A:L705H,-13.55196533203125,EnsembleMLLR
E693V:A701V,-3.716015625,EnsembleMLLR
E693A:K699E,-5.4255859375,EnsembleMLLR
E693V:N698T,-3.180078125,EnsembleMLLR
E693V:N698S,-1.5813476562500002,EnsembleMLLR
E693V:N698I,-6.601855468749999,EnsembleMLLR
E693V:N698D,-4.97216796875,EnsembleMLLR
E693V:M706V,0.517578125,EnsembleMLLR
E693V:M706T,-4.2642578125,EnsembleMLLR
E693V:M706L,2.1211669921875,EnsembleMLLR
E693V:M706K,-10.7494140625,EnsembleMLLR
E693V:M706I,-0.6810546875000001,EnsembleMLLR
E693V:L705P,-10.413256835937501,EnsembleMLLR
E693V:L705I,-3.5056518554687504,EnsembleMLLR
E693V:L705H,-14.975399780273436,EnsembleMLLR
E693V:L705F,-6.481951904296875,EnsembleMLLR
E693V:K699T,-2.794140625,EnsembleMLLR
E693V:K699R,-1.19921875,EnsembleMLLR
E693V:K699N,-4.983203125,EnsembleMLLR
E693V:K699I,-4.6328125,EnsembleMLLR
E693V:N698Y,-5.32421875,EnsembleMLLR
E693V:S697A,-2.4580078125,EnsembleMLLR
E693V:S697L,-3.4068359375,EnsembleMLLR
E693V:S697P,-4.1802734375,EnsembleMLLR
E693Y,-3.6126953125,EnsembleMLLR
E693V:V711I,-2.344921875,EnsembleMLLR
E693V:V711G,-4.9263671875,EnsembleMLLR
E693V:V711D,-14.999218749999999,EnsembleMLLR
E693V:V711A,-1.6189453125000002,EnsembleMLLR
E693V:V710I,-3.4966796875000004,EnsembleMLLR
E693V:V710D,-13.9029296875,EnsembleMLLR
E693V:V710A,-2.04580078125,EnsembleMLLR
E693V:K699E,-7.3876953125,EnsembleMLLR
E693V:V707M,-4.481640625000001,EnsembleMLLR
E693V:V707G,-6.30771484375,EnsembleMLLR
E693V:V707E,-13.28857421875,EnsembleMLLR
E693V:V707A,-3.333984375,EnsembleMLLR
E693V:V695M,-2.9419921875,EnsembleMLLR
E693V:V695G,-0.2736328124999998,EnsembleMLLR
E693V:V695E,-0.4898437499999999,EnsembleMLLR
E693V:V695A,-1.041015625,EnsembleMLLR
E693V:S697T,-2.462109375,EnsembleMLLR
E693V:V707L,-3.640576171875,EnsembleMLLR
E693V:I712V,-1.4236328124999997,EnsembleMLLR
E693V:I712T,-4.4580078125,EnsembleMLLR
E693V:I712M,-2.8525390625,EnsembleMLLR
E693V:G700D,-6.534716796875,EnsembleMLLR
E693V:G700C,-11.24033203125,EnsembleMLLR
E693V:G700A,-2.6522460937499996,EnsembleMLLR
E693V:G696S,-1.2824218749999998,EnsembleMLLR
E693V:G696D,-3.3498046875,EnsembleMLLR
E693V:G696C,-8.442578125,EnsembleMLLR
E693V:D694V,-3.953125,EnsembleMLLR
E693V:D694G,-2.0828125,EnsembleMLLR
E693V:G700S,-4.15057373046875,EnsembleMLLR
E693V:D694E,-1.6837890625,EnsembleMLLR
E693V:A713T,-4.8394287109375,EnsembleMLLR
E693V:A713S,-5.06455078125,EnsembleMLLR
E693V:A713G,-4.6494140625,EnsembleMLLR
E693V:A713E,-14.058837890625,EnsembleMLLR
E693D:V695A,0.727734375,EnsembleMLLR
E693A,-0.74765625,EnsembleMLLR
E693A:A701E,-7.29951171875,EnsembleMLLR
E693A:G696S,-0.3632812500000001,EnsembleMLLR
E693V:A713V,-2.387841796875,EnsembleMLLR
E693A:K699I,-4.6138671875,EnsembleMLLR
E693V:G704E,-13.910625457763672,EnsembleMLLR
E693V:G708C,-5.921484375,EnsembleMLLR
E693V:I712L,-0.02480468750000009,EnsembleMLLR
E693V:I712K,-13.0138671875,EnsembleMLLR
E693V:I703V,-3.3716674804687496,EnsembleMLLR
E693V:I703T,-6.1238525390625,EnsembleMLLR
E693V:I703N,-13.206298828125,EnsembleMLLR
E693V:I703F,-6.560009765625,EnsembleMLLR
E693V:I702V,-2.594921875,EnsembleMLLR
E693V:I702T,-5.51630859375,EnsembleMLLR
E693V:G704R,-13.431041717529297,EnsembleMLLR
E693V:I702N,-9.3673828125,EnsembleMLLR
E693V:G709S,-5.34112548828125,EnsembleMLLR
E693V:G709R,-15.088000488281251,EnsembleMLLR
E693V:G709D,-13.230273437500001,EnsembleMLLR
E693V:G709C,-5.914013671875001,EnsembleMLLR
E693V:G709A,-2.83876953125,EnsembleMLLR
E693V:G708V,-2.53720703125,EnsembleMLLR
E693V:G708S,-5.728173828125,EnsembleMLLR
E693V:G708D,-13.6373046875,EnsembleMLLR
E693V:I702F,-5.85693359375,EnsembleMLLR
E693D:V695E,1.63984375,EnsembleMLLR
E693D:I712M,-1.2087890625,EnsembleMLLR
E693D:V695L,-0.4048828125,EnsembleMLLR
E693G:I712M,-1.4138671875,EnsembleMLLR
E693G:I712L,0.47114257812500004,EnsembleMLLR
E693G:I712K,-12.298242187500001,EnsembleMLLR
E693G:I703V,-2.120849609375,EnsembleMLLR
E693G:I703T,-5.292431640625001,EnsembleMLLR
E693G:I703N,-13.0942138671875,EnsembleMLLR
E693G:I703M,-5.063037109375,EnsembleMLLR
E693G:I703F,-5.5982421875,EnsembleMLLR
E693G:I702V,-1.12509765625,EnsembleMLLR
E693G:I702T,-3.818603515625,EnsembleMLLR
E693G:I702F,-4.35556640625,EnsembleMLLR
E693G:G709S,-3.32998046875,EnsembleMLLR
E693G:G709D,-12.395678710937501,EnsembleMLLR
E693G:G709C,-4.2317871093749995,EnsembleMLLR
E693G:G709A,-2.22689208984375,EnsembleMLLR
E693G:G708V,-1.9857421875,EnsembleMLLR
E693G:G708S,-4.91585693359375,EnsembleMLLR
E693G:I712T,-3.3970703125000004,EnsembleMLLR
E693G:G708D,-12.174951171875,EnsembleMLLR
E693G:I712V,0.06269531249999993,EnsembleMLLR
E693G:K699I,-3.9322265625,EnsembleMLLR
E693G:N698S,-0.8865234375,EnsembleMLLR
E693G:N698I,-4.8744140625000005,EnsembleMLLR
E693G:N698H,-2.3537109375,EnsembleMLLR
E693G:N698D,-3.31953125,EnsembleMLLR
E693G:M706V,1.0074218750000001,EnsembleMLLR
E693G:M706T,-2.4455078125,EnsembleMLLR
E693G:M706L,3.7025268554687503,EnsembleMLLR
E693G:M706K,-9.130273437500001,EnsembleMLLR
E693G:M706I,0.6111328125000001,EnsembleMLLR
E693G:L705V,-4.12420654296875,EnsembleMLLR
E693G:L705R,-12.6890869140625,EnsembleMLLR
E693G:L705P,-9.70296630859375,EnsembleMLLR
E693G:L705I,-2.5846923828125,EnsembleMLLR
E693G:L705H,-13.01748046875,EnsembleMLLR
E693G:L705F,-5.5919189453125,EnsembleMLLR
E693G:K699R,0.02333984375000009,EnsembleMLLR
E693G:K699N,-3.75859375,EnsembleMLLR
E693G:K699E,-5.018359375,EnsembleMLLR
E693G:N698T,-1.1619140625,EnsembleMLLR
E693G:G708C,-4.790673828125,EnsembleMLLR
E693G:G704E,-12.323966217041015,EnsembleMLLR
E693G,-0.69921875,EnsembleMLLR
E693D:V711I,-0.8353515625,EnsembleMLLR
E693D:V711G,-2.8103515625,EnsembleMLLR
E693D:V711D,-12.74453125,EnsembleMLLR
E693D:V711A,0.8073242187499999,EnsembleMLLR
E693D:V710L,-0.80380859375,EnsembleMLLR
E693D:V710I,-1.5228515624999999,EnsembleMLLR
E693D:V710F,-3.224609375,EnsembleMLLR
E693D:V710D,-12.833984375,EnsembleMLLR
E693D:V710A,-0.5443359375000001,EnsembleMLLR
E693D:V707M,-2.4802734374999997,EnsembleMLLR
E693D:V707L,-1.7718749999999999,EnsembleMLLR
E693D:V707G,-4.4422851562500005,EnsembleMLLR
E693D:V707E,-11.534765625,EnsembleMLLR
E693D:V707A,-1.30283203125,EnsembleMLLR
E693D:V695M,-1.2462890625,EnsembleMLLR
E693D:V695G,1.1060546875,EnsembleMLLR
E693G:A701E,-6.9668212890625,EnsembleMLLR
E693G:G704R,-13.007546234130858,EnsembleMLLR
E693G:A701S,-3.1971679687499996,EnsembleMLLR
E693G:A701V,-2.0490234375,EnsembleMLLR
E693G:G700S,-1.9766113281250002,EnsembleMLLR
E693G:G700D,-5.746142578124999,EnsembleMLLR
E693G:G700C,-10.46744384765625,EnsembleMLLR
E693G:G696S,0.2730468749999999,EnsembleMLLR
E693G:G696R,-2.2119140625,EnsembleMLLR
E693G:G696D,-1.58046875,EnsembleMLLR
E693G:G696C,-7.4164062500000005,EnsembleMLLR
E693G:D694Y,-3.6248046875,EnsembleMLLR
E693G:D694V,-1.7802734375,EnsembleMLLR
E693G:D694N,-1.3818359375,EnsembleMLLR
E693G:D694G,-1.0744140625,EnsembleMLLR
E693G:D694E,-0.4697265625,EnsembleMLLR
E693G:A713V,-2.22158203125,EnsembleMLLR
E693G:A713T,-3.4962158203125,EnsembleMLLR
E693G:A713S,-4.2859375,EnsembleMLLR
E693G:A713P,-9.882519531249999,EnsembleMLLR
E693G:A713E,-13.139892578125,EnsembleMLLR
E693G:A701T,-2.3939453125,EnsembleMLLR
E693G:N698Y,-4.6625,EnsembleMLLR
E693G:I702N,-7.856298828125,EnsembleMLLR
E693Q:M706V,0.10585937499999987,EnsembleMLLR
E693K:A701V,-2.7862304687500004,EnsembleMLLR
E693K:A713E,-13.765917968750001,EnsembleMLLR
E693K:A713V,-2.85908203125,EnsembleMLLR
E693K:D694E,-1.3314453125,EnsembleMLLR
E693K:D694G,-1.7896484375,EnsembleMLLR
E693K:G696C,-8.3896484375,EnsembleMLLR
E693K:G696D,-1.6404296875,EnsembleMLLR
E693K:A701T,-3.184716796875,EnsembleMLLR
E693K:G696S,-0.619140625,EnsembleMLLR
E693K:G704R,-12.918448066711427,EnsembleMLLR
E693K:G708C,-5.57509765625,EnsembleMLLR
E693K:G708V,-3.233544921875,EnsembleMLLR
E693K:G709C,-4.26787109375,EnsembleMLLR
E693K:G709S,-3.7718994140625,EnsembleMLLR
E693K:I702F,-4.987353515625,EnsembleMLLR
E693K:I702N,-9.359179687500001,EnsembleMLLR
E693K:G700D,-6.4398193359375,EnsembleMLLR
E693K:I702T,-4.723925781249999,EnsembleMLLR
E693K,-1.498046875,EnsembleMLLR
E693G:V711I,-1.1951171875000002,EnsembleMLLR
E693G:S697T,-1.3134765625,EnsembleMLLR
E693G:V695A,0.339453125,EnsembleMLLR
E693G:V695E,0.8560546875,EnsembleMLLR
E693G:V695G,0.9423828125,EnsembleMLLR
E693G:V695L,-1.125,EnsembleMLLR
E693G:V695M,-1.75390625,EnsembleMLLR
E693G:V707E,-11.825097656250001,EnsembleMLLR
E693I,-3.0001953125,EnsembleMLLR
E693G:V707L,-2.684228515625,EnsembleMLLR
E693G:V710A,-0.63916015625,EnsembleMLLR
E693G:V710D,-13.7001953125,EnsembleMLLR
E693G:V710I,-1.6277343750000002,EnsembleMLLR
E693G:V710L,-1.0033203125,EnsembleMLLR
E693G:V711A,-0.22890624999999998,EnsembleMLLR
E693G:V711D,-13.747851562500001,EnsembleMLLR
E693G:V711G,-5.3095703125,EnsembleMLLR
E693G:V707M,-3.533544921875,EnsembleMLLR
E693G:S697P,-2.1287109375,EnsembleMLLR
E693K:I702V,-2.2541015625,EnsembleMLLR
E693K:I703T,-6.328955078125,EnsembleMLLR
E693K:V707E,-12.871435546874999,EnsembleMLLR
E693K:V710A,-1.5716796875,EnsembleMLLR
E693K:V710D,-14.819042968749999,EnsembleMLLR
E693K:V711D,-14.581640625,EnsembleMLLR
E693K:V711I,-2.1498046874999996,EnsembleMLLR
E693L,-2.1240234375,EnsembleMLLR
E693N,-1.5470703125,EnsembleMLLR
E693K:V707A,-3.34462890625,EnsembleMLLR
E693Q,-1.2986328125,EnsembleMLLR
E693Q:N698D,-5.02880859375,EnsembleMLLR
E693R,-1.8953125,EnsembleMLLR
E693V,-1.7380859375,EnsembleMLLR
E693V:A701E,-8.62890625,EnsembleMLLR
E693V:A701P,-4.06083984375,EnsembleMLLR
E693V:A701S,-4.816455078125,EnsembleMLLR
E693V:A701T,-3.5864501953124996,EnsembleMLLR
E693Q:K699R,-0.826171875,EnsembleMLLR
E693K:I703F,-6.232617187500001,EnsembleMLLR
E693K:V695E,0.1851562499999999,EnsembleMLLR
E693K:S697T,-1.7173828125,EnsembleMLLR
E693K:I703V,-2.618408203125,EnsembleMLLR
E693K:I712K,-13.196484375,EnsembleMLLR
E693K:I712L,0.3561523437499998,EnsembleMLLR
E693K:I712T,-3.9712890625,EnsembleMLLR
E693K:I712V,-0.40488281250000013,EnsembleMLLR
E693K:K699E,-6.369140625,EnsembleMLLR
E693K:K699I,-4.7876953125,EnsembleMLLR
E693K:V695A,-0.9279296875,EnsembleMLLR
E693K:K699N,-4.26982421875,EnsembleMLLR
E693K:L705H,-14.504022216796875,EnsembleMLLR
E693K:M706K,-9.94453125,EnsembleMLLR
E693K:M706L,2.5182861328125,EnsembleMLLR
E693K:N698D,-4.9150390625,EnsembleMLLR
E693K:N698I,-5.4638671875,EnsembleMLLR
E693K:N698S,-1.6595703125,EnsembleMLLR
E693K:N698Y,-5.2904296875,EnsembleMLLR
E693K:K699R,-1.12509765625,EnsembleMLLR
E693G:S697L,-1.6634765624999999,EnsembleMLLR
E693G:V707A,-2.48291015625,EnsembleMLLR
D694G:N698D,-3.1333984375,EnsembleMLLR
D694E:N698K,-2.062841796875,EnsembleMLLR
D694E:N698S,-0.11123046875,EnsembleMLLR
D694E:N698T,-1.7096191406249999,EnsembleMLLR
D694E:N698Y,-3.58447265625,EnsembleMLLR
D694G:V710A,-1.21728515625,EnsembleMLLR
D694E:S697L,-0.41289062499999996,EnsembleMLLR
D694E:S697P,-1.366015625,EnsembleMLLR
D694E:S697T,-0.64296875,EnsembleMLLR
D694E:V695A,0.9453125,EnsembleMLLR
D694E:V695E,1.2646484375,EnsembleMLLR
D694E:V695M,-1.18828125,EnsembleMLLR
D694E:V707A,-1.94453125,EnsembleMLLR
D694E:V707E,-11.751220703125,EnsembleMLLR
D694E:N698I,-3.90771484375,EnsembleMLLR
D694E:V707G,-5.5733398437499995,EnsembleMLLR
D694E:V707M,-2.5111328125,EnsembleMLLR
D694E:V710A,-0.4076171875,EnsembleMLLR
D694E:V710D,-13.9736328125,EnsembleMLLR
D694E:V710G,-1.284765625,EnsembleMLLR
D694E:V710I,-1.4279296875,EnsembleMLLR
D694E:V710L,-0.42197265625,EnsembleMLLR
D694E:V711A,0.6480957031250001,EnsembleMLLR
D694E:V711D,-12.8990234375,EnsembleMLLR
D694E:V711G,-4.2123046875,EnsembleMLLR
D694E:V711I,-1.176171875,EnsembleMLLR
D694F,-2.19765625,EnsembleMLLR
D694G,-0.5912109375,EnsembleMLLR
D694G:A701E,-7.094775390625,EnsembleMLLR
D694E:V707L,-1.786767578125,EnsembleMLLR
D694G:A701P,-2.79130859375,EnsembleMLLR
D694E:N698D,-2.8595703125000003,EnsembleMLLR
D694G:V710D,-13.4966796875,EnsembleMLLR
D694N:I702N,-9.29033203125,EnsembleMLLR
D694N:I702L,-1.4271484375,EnsembleMLLR
D694N:G709S,-3.98447265625,EnsembleMLLR
D694N:G709D,-13.26593017578125,EnsembleMLLR
D694N:G709C,-4.7858154296875,EnsembleMLLR
D694N:G708V,-2.066455078125,EnsembleMLLR
D694N:G708S,-3.8900390624999996,EnsembleMLLR
D694N:G708D,-12.805761718749999,EnsembleMLLR
D694N:G708C,-3.949755859375,EnsembleMLLR
D694N:G700D,-6.299560546875,EnsembleMLLR
D694N:G700C,-10.676953125,EnsembleMLLR
D694N:G696D,-1.22578125,EnsembleMLLR
D694N:G696C,-8.1123046875,EnsembleMLLR
D694E:M706V,1.5677734374999999,EnsembleMLLR
D694N:A713V,-1.48662109375,EnsembleMLLR
D694N:A701V,-2.3064453125,EnsembleMLLR
D694N,-0.8541015625,EnsembleMLLR
D694K,-1.201953125,EnsembleMLLR
D694I,-2.5759765625,EnsembleMLLR
D694H:V707E,-13.184619140625,EnsembleMLLR
D694H:S697T,-1.84453125,EnsembleMLLR
D694H:K699R,-0.8535644531250001,EnsembleMLLR
D694H,-1.60625,EnsembleMLLR
D694G:V711I,-1.26591796875,EnsembleMLLR
D694G:V711D,-13.6216796875,EnsembleMLLR
D694G:V711A,-0.08701171875000002,EnsembleMLLR
D694G:V710I,-1.81201171875,EnsembleMLLR
D694G:V710G,-3.0908203125,EnsembleMLLR
D694N:A713P,-10.05341796875,EnsembleMLLR
D694G:M706V,0.6279296875,EnsembleMLLR
D694G:A701S,-3.65595703125,EnsembleMLLR
D694G:A701V,-2.270751953125,EnsembleMLLR
D694G:K699E,-5.21923828125,EnsembleMLLR
D694G:K699I,-3.2701171875,EnsembleMLLR
D694G:K699N,-2.8302734375000003,EnsembleMLLR
D694G:K699R,-0.10957031250000004,EnsembleMLLR
D694G:L705F,-5.072628784179687,EnsembleMLLR
D694N:I702T,-4.223828125,EnsembleMLLR
D694G:L705H,-13.651025390625,EnsembleMLLR
D694G:L705I,-2.503759765625,EnsembleMLLR
D694G:L705P,-10.573858642578124,EnsembleMLLR
D694G:L705R,-12.400805664062501,EnsembleMLLR
D694G:M706I,0.6431640625,EnsembleMLLR
D694G:M706K,-9.330273437499999,EnsembleMLLR
D694G:M706L,3.6996154785156254,EnsembleMLLR
D694G:I712V,0.1884765625,EnsembleMLLR
D694G:M706T,-2.6085937500000003,EnsembleMLLR
D694G:V707G,-5.3045410156249995,EnsembleMLLR
D694G:V707E,-12.039111328125001,EnsembleMLLR
D694G:V707A,-2.7420410156250004,EnsembleMLLR
D694G:V695M,-1.8134765625,EnsembleMLLR
D694G:V695G,0.6158203125000001,EnsembleMLLR
D694G:V695E,0.45097656249999996,EnsembleMLLR
D694G:V695A,0.24628906250000004,EnsembleMLLR
D694G:S697T,-1.3533203125,EnsembleMLLR
D694G:S697P,-1.9302734375,EnsembleMLLR
D694G:S697L,-1.619921875,EnsembleMLLR
D694G:N698Y,-4.0265625,EnsembleMLLR
D694G:N698S,-0.71279296875,EnsembleMLLR
D694G:N698I,-5.66455078125,EnsembleMLLR
D694G:V707L,-2.0287109375,EnsembleMLLR
D694G:A701T,-3.1392333984375,EnsembleMLLR
D694G:I712T,-3.9615234375000004,EnsembleMLLR
D694G:I712L,0.7686523437500001,EnsembleMLLR
D694G:A713E,-12.753857421874999,EnsembleMLLR
D694G:A713S,-4.149462890625,EnsembleMLLR
D694G:A713T,-3.142138671875,EnsembleMLLR
D694G:A713V,-1.6114013671874998,EnsembleMLLR
D694G:G696C,-7.573828125,EnsembleMLLR
D694G:G696D,-1.7009765625,EnsembleMLLR
D694G:G696S,-0.2169921875,EnsembleMLLR
D694G:G696V,-1.8970703125,EnsembleMLLR
D694G:G700C,-10.082812500000001,EnsembleMLLR
D694G:G700D,-5.365673828125,EnsembleMLLR
D694G:G700S,-2.5254638671875,EnsembleMLLR
D694G:G704E,-12.826128005981445,EnsembleMLLR
D694G:G708C,-3.866796875,EnsembleMLLR
D694G:I712M,-1.9751953125,EnsembleMLLR
D694G:G708D,-12.652880859375001,EnsembleMLLR
D694G:G708V,-3.697906494140625,EnsembleMLLR
D694G:G709A,-1.3357421875,EnsembleMLLR
D694G:G709C,-5.476416015625,EnsembleMLLR
D694G:G709D,-12.477496337890624,EnsembleMLLR
D694G:G709S,-3.41060791015625,EnsembleMLLR
D694G:I702F,-4.3625,EnsembleMLLR
D694G:I702N,-8.7625,EnsembleMLLR
D694G:I702V,-1.10107421875,EnsembleMLLR
D694G:I703F,-6.0780029296875,EnsembleMLLR
D694G:I703N,-10.190209960937501,EnsembleMLLR
D694G:I703T,-5.5840576171875,EnsembleMLLR
D694G:I703V,-1.8560058593750002,EnsembleMLLR
D694G:I712K,-11.9923828125,EnsembleMLLR
D694G:V707M,-3.3990234375,EnsembleMLLR
D694N:I702V,-1.2046875,EnsembleMLLR
D694Y:V707E,-14.622216796875,EnsembleMLLR
D694N:I703N,-12.5091552734375,EnsembleMLLR
D694V:V695M,-2.97890625,EnsembleMLLR
D694V:V695G,-0.3271484375,EnsembleMLLR
D694V:V695E,0.038867187499999956,EnsembleMLLR
D694V:V695A,-0.606640625,EnsembleMLLR
D694V:S697T,-1.58515625,EnsembleMLLR
D694V:S697P,-2.977734375,EnsembleMLLR
D694V:S697L,-2.473828125,EnsembleMLLR
D694V:N698Y,-5.18193359375,EnsembleMLLR
D694V:N698T,-2.72451171875,EnsembleMLLR
D694V:N698S,-2.364892578125,EnsembleMLLR
D694V:N698I,-7.20068359375,EnsembleMLLR
D694V:N698D,-4.331250000000001,EnsembleMLLR
D694V:M706V,0.37675781249999996,EnsembleMLLR
D694V:V707A,-3.635791015625,EnsembleMLLR
D694V:M706T,-3.5908203125,EnsembleMLLR
D694V:M706K,-10.431445312500001,EnsembleMLLR
D694V:M706I,0.2554687499999999,EnsembleMLLR
D694V:L705P,-11.820172119140624,EnsembleMLLR
D694V:L705H,-14.301544189453125,EnsembleMLLR
D694V:L705F,-5.2305419921875,EnsembleMLLR
D694V:K699R,-0.9932617187499999,EnsembleMLLR
D694V:K699Q,-2.90888671875,EnsembleMLLR
D694V:K699N,-4.00625,EnsembleMLLR
D694V:K699I,-4.9525390625,EnsembleMLLR
D694V:K699E,-6.68203125,EnsembleMLLR
D694V:I712V,-0.863671875,EnsembleMLLR
D694V:I712T,-4.526953125,EnsembleMLLR
D694V:I712M,-2.579296875,EnsembleMLLR
D694V:M706L,1.9378784179687503,EnsembleMLLR
D694V:V707E,-13.317285156250001,EnsembleMLLR
D694V:V707M,-4.798193359375,EnsembleMLLR
D694V:V710A,-2.41650390625,EnsembleMLLR
D694Y:V707A,-4.36845703125,EnsembleMLLR
D694Y:V695E,-2.289453125,EnsembleMLLR
D694Y:V695A,-2.1623046875,EnsembleMLLR
D694Y:S697T,-3.72109375,EnsembleMLLR
D694Y:N698Y,-6.3541015625,EnsembleMLLR
D694Y:N698I,-7.3578125,EnsembleMLLR
D694Y:M706V,-1.675390625,EnsembleMLLR
D694Y:M706L,0.912933349609375,EnsembleMLLR
D694Y:L705P,-12.293066406249999,EnsembleMLLR
D694Y:L705H,-15.4715576171875,EnsembleMLLR
D694Y:K699R,-1.8952148437499998,EnsembleMLLR
D694Y:K699N,-5.649609375000001,EnsembleMLLR
D694Y:K699E,-7.9439453125,EnsembleMLLR
D694Y:I712L,-0.9332031250000001,EnsembleMLLR
D694Y:I712K,-14.285546875,EnsembleMLLR
D694Y:I703T,-6.239404296875,EnsembleMLLR
D694Y:I702V,-3.52822265625,EnsembleMLLR
D694Y:G709C,-6.677880859375,EnsembleMLLR
D694Y:G708C,-7.911077880859375,EnsembleMLLR
D694Y:G696C,-9.960546875,EnsembleMLLR
D694Y:A713V,-3.9670654296875,EnsembleMLLR
D694Y:A713T,-5.389941406249999,EnsembleMLLR
D694Y:A701V,-4.86259765625,EnsembleMLLR
D694Y,-3.0701171875,EnsembleMLLR
D694V:V711L,-1.793701171875,EnsembleMLLR
D694V:V711I,-2.6357421875,EnsembleMLLR
D694V:V711D,-14.622851562500001,EnsembleMLLR
D694V:V710I,-2.84716796875,EnsembleMLLR
D694V:V710D,-15.2572265625,EnsembleMLLR
D694V:I712L,-0.4312988281250001,EnsembleMLLR
D694N:I703F,-6.137768554687501,EnsembleMLLR
D694V:I712K,-12.5896484375,EnsembleMLLR
D694V:I703T,-6.9945068359375,EnsembleMLLR
D694N:V710D,-13.77060546875,EnsembleMLLR
D694N:V710A,-1.27939453125,EnsembleMLLR
D694N:V707M,-4.102734375,EnsembleMLLR
D694N:V707E,-11.9173828125,EnsembleMLLR
D694N:V707A,-2.9826171875,EnsembleMLLR
D694N:V695M,-2.06640625,EnsembleMLLR
D694N:V695E,0.3789062500000001,EnsembleMLLR
D694N:V695A,-0.13886718750000004,EnsembleMLLR
D694N:S697T,-1.7218749999999998,EnsembleMLLR
D694N:N698Y,-4.56845703125,EnsembleMLLR
D694N:N698K,-3.84150390625,EnsembleMLLR
D694N:N698I,-6.15849609375,EnsembleMLLR
D694E:G708D,-11.46171875,EnsembleMLLR
D694N:V710I,-1.9345703125,EnsembleMLLR
D694N:M706L,2.881817626953125,EnsembleMLLR
D694N:M706I,0.6189453125,EnsembleMLLR
D694N:L705P,-11.14105224609375,EnsembleMLLR
D694N:L705H,-14.106158447265624,EnsembleMLLR
D694N:K699R,-0.6775390625,EnsembleMLLR
D694N:K699N,-3.8109375,EnsembleMLLR
D694N:K699I,-4.1662109375,EnsembleMLLR
D694N:K699E,-5.841992187500001,EnsembleMLLR
D694N:I712V,0.12265625000000002,EnsembleMLLR
D694N:I712T,-3.9826171875,EnsembleMLLR
D694N:I712L,0.6145019531249999,EnsembleMLLR
D694N:I712K,-12.6830078125,EnsembleMLLR
D694N:I703V,-2.0999267578125,EnsembleMLLR
D694N:I703T,-6.030224609375,EnsembleMLLR
D694N:M706K,-8.75390625,EnsembleMLLR
D694N:V711A,-0.6671630859375,EnsembleMLLR
D694Y:V707M,-5.532910156250001,EnsembleMLLR
D694E:M706T,-1.4951171875,EnsembleMLLR
D694V:I703N,-13.560009765625,EnsembleMLLR
D694V:I702V,-2.331640625,EnsembleMLLR
D694V:I702T,-5.14970703125,EnsembleMLLR
D694V:I702N,-9.67998046875,EnsembleMLLR
D694V:I702F,-5.03662109375,EnsembleMLLR
D694V:G709S,-4.0833740234375,EnsembleMLLR
D694V:G709D,-13.5336669921875,EnsembleMLLR
D694V:G709C,-5.5987548828125,EnsembleMLLR
D694V:G708S,-5.0974609375,EnsembleMLLR
D694V:G708D,-13.377526855468751,EnsembleMLLR
D694V:G708C,-5.461083984375,EnsembleMLLR
D694V:G704E,-13.577095794677733,EnsembleMLLR
D694V:G700D,-6.6157958984375,EnsembleMLLR
D694V:G700C,-11.878466796875,EnsembleMLLR
D694V:G696S,-0.9679687499999999,EnsembleMLLR
D694V:G696D,-2.321484375,EnsembleMLLR
D694V:G696C,-8.4224609375,EnsembleMLLR
D694V:A713V,-2.15927734375,EnsembleMLLR
D694V:A713T,-3.2119140625,EnsembleMLLR
D694V:A713S,-5.55029296875,EnsembleMLLR
D694V:A701V,-3.726171875,EnsembleMLLR
D694V:A701T,-3.39931640625,EnsembleMLLR
D694V:A701G,-5.539501953125,EnsembleMLLR
D694V,-1.409375,EnsembleMLLR
D694S,-0.4201171875,EnsembleMLLR
D694N:V711I,-2.101171875,EnsembleMLLR
D694N:V711D,-13.54140625,EnsembleMLLR
D694Y:V710D,-16.0525390625,EnsembleMLLR
D694Y:V711D,-16.4427734375,EnsembleMLLR
D694V:I703V,-3.2503662109375,EnsembleMLLR
D694E:M706L,3.3527099609374997,EnsembleMLLR
D694N:N698D,-4.26474609375,EnsembleMLLR
D694E:M706I,1.5220703125,EnsembleMLLR
D694A:M706K,-8.9732421875,EnsembleMLLR
D694C,-6.70703125,EnsembleMLLR
D694E,-0.073828125,EnsembleMLLR
D694E:A701E,-6.783056640625,EnsembleMLLR
D694E:A701G,-3.6236816406249996,EnsembleMLLR
D694E:A701P,-2.79833984375,EnsembleMLLR
D694E:A701S,-3.3009765625,EnsembleMLLR
D694E:A701T,-2.06396484375,EnsembleMLLR
D694E:A701V,-1.36884765625,EnsembleMLLR
D694E:A713E,-11.67880859375,EnsembleMLLR
D694E:A713G,-3.27734375,EnsembleMLLR
D694E:A713S,-3.6577636718749997,EnsembleMLLR
D694A:L705H,-13.2486572265625,EnsembleMLLR
D694E:A713T,-3.097216796875,EnsembleMLLR
D694E:G696A,-0.475,EnsembleMLLR
D694E:G696C,-7.345703125,EnsembleMLLR
D694E:G696R,-2.0992187500000004,EnsembleMLLR
D694E:G696S,0.7041015625,EnsembleMLLR
D694E:G696V,-1.4806640624999998,EnsembleMLLR
D694E:G700C,-8.901611328125,EnsembleMLLR
D694E:G700D,-5.3179443359375,EnsembleMLLR
D694E:G704E,-12.070334243774413,EnsembleMLLR
D694E:G704R,-12.549673461914063,EnsembleMLLR
D694E:G704V,-8.900224304199218,EnsembleMLLR
D694E:M706K,-8.545703125,EnsembleMLLR
D694E:G708C,-3.2771972656250004,EnsembleMLLR
D694E:A713V,-0.759619140625,EnsembleMLLR
D694A,-0.82578125,EnsembleMLLR
D694E:G696D,-0.84609375,EnsembleMLLR
D694E:G708V,-2.6022827148437497,EnsembleMLLR
D694E:G708S,-3.6833007812500003,EnsembleMLLR
D694E:L705V,-3.4588500976562497,EnsembleMLLR
D694E:L705P,-8.65924072265625,EnsembleMLLR
D694E:L705I,-2.50430908203125,EnsembleMLLR
D694E:L705H,-12.79864501953125,EnsembleMLLR
D694E:L705F,-4.5517333984375,EnsembleMLLR
D694E:K699R,0.53154296875,EnsembleMLLR
D694E:K699N,-2.87421875,EnsembleMLLR
D694E:K699I,-3.6701171875000003,EnsembleMLLR
D694E:K699E,-4.6011718749999995,EnsembleMLLR
D694E:I712V,0.872265625,EnsembleMLLR
D694E:I712T,-3.207421875,EnsembleMLLR
D694E:I712M,-1.0271484375,EnsembleMLLR
D694E:K699T,0.5412109375,EnsembleMLLR
D694E:I712K,-11.3560546875,EnsembleMLLR
D694E:G709C,-4.2403076171875,EnsembleMLLR
D694E:I712L,1.1103515625,EnsembleMLLR
D694E:G709D,-10.7134765625,EnsembleMLLR
D694E:G709S,-3.0757568359375,EnsembleMLLR
D694E:I702N,-8.534082031250001,EnsembleMLLR
D694E:I702T,-3.25517578125,EnsembleMLLR
D694E:I702F,-3.3206054687499997,EnsembleMLLR
D694E:I702V,-0.904296875,EnsembleMLLR
D694E:I703F,-5.4539794921875,EnsembleMLLR
D694E:I703N,-11.9324951171875,EnsembleMLLR
D694E:I703T,-5.0307861328125,EnsembleMLLR
D694E:I703V,-1.4021484375,EnsembleMLLR
V695E:G708S,-2.6760498046874996,EnsembleMLLR
V695E:G709D,-9.868408203125,EnsembleMLLR
V695E:G709C,-1.2821289062499999,EnsembleMLLR
V695E:G709S,-1.8625244140625001,EnsembleMLLR
V695E:G709A,0.2861328125,EnsembleMLLR
V695E:G708V,-1.41002197265625,EnsembleMLLR
V695E:G709R,-11.237353515625001,EnsembleMLLR
V695E:G708D,-10.226904296874999,EnsembleMLLR
V695E:G704E,-10.37852210998535,EnsembleMLLR
V695E:G708A,1.513720703125,EnsembleMLLR
V695E:G704V,-7.4460102081298825,EnsembleMLLR
V695E:G704R,-10.572958755493163,EnsembleMLLR
V695E:G704A,-3.272082901000976,EnsembleMLLR
V695E:G700V,-2.7659179687499997,EnsembleMLLR
V695E:G709V,-0.8147216796874999,EnsembleMLLR
V695E:G700S,0.2855468750000001,EnsembleMLLR
V695E:G708C,-2.2107666015625,EnsembleMLLR
V695E:I702F,-2.23408203125,EnsembleMLLR
V695E:I712V,1.7125000000000001,EnsembleMLLR
V695E:I702T,-2.14423828125,EnsembleMLLR
V695E:G700R,-4.1190429687500005,EnsembleMLLR
V695E:K699R,1.8184570312500001,EnsembleMLLR
V695E:K699N,-1.464453125,EnsembleMLLR
V695E:K699I,-2.1253906249999996,EnsembleMLLR
V695E:K699E,-2.751171875,EnsembleMLLR
V695E:I712T,-1.8691406249999998,EnsembleMLLR
V695E:I712M,0.33417968750000004,EnsembleMLLR
V695E:I702N,-6.472363281249999,EnsembleMLLR
V695E:I712L,3.061376953125,EnsembleMLLR
V695E:I703V,0.3945556640625001,EnsembleMLLR
V695E:I703T,-3.58984375,EnsembleMLLR
V695E:I703S,-6.774243164062501,EnsembleMLLR
V695E:I703N,-10.789599609375001,EnsembleMLLR
V695E:I703M,-3.100341796875,EnsembleMLLR
V695E:I703F,-3.5377685546875,EnsembleMLLR
V695E:I702V,1.1223632812500002,EnsembleMLLR
V695E:I712K,-10.3451171875,EnsembleMLLR
V695E:G700D,-4.14107666015625,EnsembleMLLR
V695A:V707G,-4.3570312499999995,EnsembleMLLR
V695E:G696V,0.1421874999999999,EnsembleMLLR
V695A:V711A,0.9045898437500001,EnsembleMLLR
V695A:V710I,-0.12675781249999996,EnsembleMLLR
V695A:V710F,-1.7212890625,EnsembleMLLR
V695A:V710A,0.4560546875,EnsembleMLLR
V695A:V707M,-1.8347656250000002,EnsembleMLLR
V695A:V707L,-1.2316406249999998,EnsembleMLLR
V695E:K699T,0.42734375,EnsembleMLLR
V695A:V711D,-12.438085937499999,EnsembleMLLR
V695A:V707E,-10.705078125,EnsembleMLLR
V695A:S697T,0.1923828125,EnsembleMLLR
V695A:S697P,-0.8009765625,EnsembleMLLR
V695A:S697L,0.7501953125,EnsembleMLLR
V695A:N698Y,-2.865625,EnsembleMLLR
V695A:N698S,0.61700439453125,EnsembleMLLR
V695A:N698I,-3.6716796875,EnsembleMLLR
V695A:N698D,-2.7921875,EnsembleMLLR
V695A:V707A,-1.0557617187500001,EnsembleMLLR
V695E:G700C,-9.2642578125,EnsembleMLLR
V695A:V711I,-0.07753906249999998,EnsembleMLLR
V695D,1.177734375,EnsembleMLLR
V695E:G696S,2.334765625,EnsembleMLLR
V695E:G696D,0.8369140624999999,EnsembleMLLR
V695E:G696C,-6.19140625,EnsembleMLLR
V695E:A713V,0.4896484375000001,EnsembleMLLR
V695E:A713T,-1.1337402343750003,EnsembleMLLR
V695E:A713S,-2.07666015625,EnsembleMLLR
V695E:A713P,-8.06357421875,EnsembleMLLR
V695A:V711L,1.85634765625,EnsembleMLLR
V695E:A713G,-2.8989257812500004,EnsembleMLLR
V695E:A701V,-0.3062988281250001,EnsembleMLLR
V695E:A701T,-0.465087890625,EnsembleMLLR
V695E:A701S,-1.659716796875,EnsembleMLLR
V695E:A701P,-1.7541503906249998,EnsembleMLLR
V695E:A701G,-1.9715820312499999,EnsembleMLLR
V695E:A701E,-5.069189453125,EnsembleMLLR
V695E,1.326171875,EnsembleMLLR
V695E:A713E,-10.4712890625,EnsembleMLLR
V695E:L705F,-3.4833618164062496,EnsembleMLLR
V695M:G709C,-5.0245849609375,EnsembleMLLR
V695E:L705I,-0.15239257812499996,EnsembleMLLR
V695M:M706V,0.5132812499999999,EnsembleMLLR
V695M:M706T,-2.6976562499999996,EnsembleMLLR
V695M:M706R,-9.94140625,EnsembleMLLR
V695M:M706L,2.75665283203125,EnsembleMLLR
V695M:M706K,-9.0234375,EnsembleMLLR
V695M:M706I,0.38437500000000013,EnsembleMLLR
V695M:L705P,-10.181567382812501,EnsembleMLLR
V695M:N698D,-4.1015625,EnsembleMLLR
V695M:L705H,-13.87789306640625,EnsembleMLLR
V695M:K699T,-1.3200195312499998,EnsembleMLLR
V695M:K699R,-0.699609375,EnsembleMLLR
V695M:K699N,-4.199023437499999,EnsembleMLLR
V695M:K699I,-4.3775390625,EnsembleMLLR
V695M:K699E,-5.445703125,EnsembleMLLR
V695M:I712V,-0.05898437500000009,EnsembleMLLR
V695M:I712T,-4.3658203125,EnsembleMLLR
V695M:L705F,-5.821612548828125,EnsembleMLLR
V695M:I712M,-2.30859375,EnsembleMLLR
V695M:N698I,-5.176513671875,EnsembleMLLR
V695M:N698Y,-5.00302734375,EnsembleMLLR
V695W,-3.915234375,EnsembleMLLR
V695T,0.8171875,EnsembleMLLR
V695S,1.5361328125,EnsembleMLLR
V695M:V711I,-2.125390625,EnsembleMLLR
V695M:V711G,-4.309375,EnsembleMLLR
V695M:V711D,-14.2826171875,EnsembleMLLR
V695M:V711A,-1.2158203125,EnsembleMLLR
V695M:N698S,-1.43828125,EnsembleMLLR
V695M:V710I,-2.50234375,EnsembleMLLR
V695M:V710A,-1.49658203125,EnsembleMLLR
V695M:V707M,-3.63671875,EnsembleMLLR
V695M:V707E,-12.906787109375001,EnsembleMLLR
V695M:V707A,-3.168603515625,EnsembleMLLR
V695M:S697T,-1.815234375,EnsembleMLLR
V695M:S697P,-2.8486328125,EnsembleMLLR
V695M:S697L,-1.6591796875,EnsembleMLLR
V695M:V710D,-14.95888671875,EnsembleMLLR
V695E:L705H,-11.73382568359375,EnsembleMLLR
V695M:I712L,0.84404296875,EnsembleMLLR
V695M:I703V,-3.031298828125,EnsembleMLLR
V695M:G696D,-1.901953125,EnsembleMLLR
V695M:G696C,-8.222851562499999,EnsembleMLLR
V695M:A713V,-3.1043212890625,EnsembleMLLR
V695M:A713T,-3.879345703125,EnsembleMLLR
V695M:A713S,-5.668505859375,EnsembleMLLR
V695M:A713E,-13.380957031249999,EnsembleMLLR
V695M:A701V,-2.754345703125,EnsembleMLLR
V695M:G696S,-0.8425781250000001,EnsembleMLLR
V695M:A701T,-3.46669921875,EnsembleMLLR
V695E:M706T,-1.0658203124999999,EnsembleMLLR
V695E:M706L,5.274380493164062,EnsembleMLLR
V695E:M706K,-7.092578125000001,EnsembleMLLR
V695E:M706I,3.4732421875,EnsembleMLLR
V695E:L705V,-1.2144042968749997,EnsembleMLLR
V695E:L705R,-10.93385009765625,EnsembleMLLR
V695E:L705P,-8.196014404296875,EnsembleMLLR
V695M:A701S,-4.03935546875,EnsembleMLLR
V695M:I712K,-12.897070312499999,EnsembleMLLR
V695M:G700C,-11.661376953125,EnsembleMLLR
V695M:G700S,-3.4664550781249996,EnsembleMLLR
V695M:I703T,-5.876147460937499,EnsembleMLLR
V695M:I703N,-11.68017578125,EnsembleMLLR
V695M:I703F,-5.9675048828125,EnsembleMLLR
V695M:I702V,-1.6267578125000002,EnsembleMLLR
V695M:I702T,-4.87548828125,EnsembleMLLR
V695M:I702N,-8.34501953125,EnsembleMLLR
V695M:I702F,-5.00927734375,EnsembleMLLR
V695M:G700D,-5.668212890625,EnsembleMLLR
V695M:G709S,-4.343408203125,EnsembleMLLR
V695A:M706V,2.5263671875,EnsembleMLLR
V695M:G708S,-3.9391601562500003,EnsembleMLLR
V695M:G708D,-12.6666015625,EnsembleMLLR
V695M:G708C,-4.862890625,EnsembleMLLR
V695M:G708A,-1.8661865234375,EnsembleMLLR
V695M:G704R,-12.761393356323243,EnsembleMLLR
V695M:G704E,-13.28880615234375,EnsembleMLLR
V695M:G709D,-12.28857421875,EnsembleMLLR
V695A:M706T,-1.119921875,EnsembleMLLR
V695A:V710D,-13.0171875,EnsembleMLLR
V695A:M706K,-7.81875,EnsembleMLLR
V695G:M706L,5.21142578125,EnsembleMLLR
V695G:M706K,-7.133789062500001,EnsembleMLLR
V695G:M706I,3.31435546875,EnsembleMLLR
V695G:L705H,-11.70269775390625,EnsembleMLLR
V695G:K699R,1.7976562500000002,EnsembleMLLR
V695G:K699N,-1.7799804687500003,EnsembleMLLR
V695G:K699I,-2.2818359375000004,EnsembleMLLR
V695G:M706V,2.8474609375,EnsembleMLLR
V695G:K699E,-3.4973632812499997,EnsembleMLLR
V695G:I712T,-1.993359375,EnsembleMLLR
V695G:I712M,0.5365234375000001,EnsembleMLLR
V695G:I712L,3.086181640625,EnsembleMLLR
V695G:I712K,-10.0173828125,EnsembleMLLR
V695G:I703V,-0.2237792968750001,EnsembleMLLR
V695G:I703T,-4.4363037109375,EnsembleMLLR
V695G:I702V,1.052734375,EnsembleMLLR
V695G:I712V,2.4830078125000004,EnsembleMLLR
V695G:N698D,-1.6667968750000002,EnsembleMLLR
V695G:N698K,-1.165625,EnsembleMLLR
V695G:N698S,1.22236328125,EnsembleMLLR
V695L:G708V,-3.9262145996093754,EnsembleMLLR
V695L:G708C,-3.5224609375,EnsembleMLLR
V695L:G704R,-12.85777931213379,EnsembleMLLR
V695L:A713V,-1.8545654296875,EnsembleMLLR
V695L,-0.46484375,EnsembleMLLR
V695K,0.458984375,EnsembleMLLR
V695I,-0.81875,EnsembleMLLR
V695G:V711I,0.25117187500000004,EnsembleMLLR
V695G:V711D,-11.494921875,EnsembleMLLR
V695G:V711A,1.5027343750000002,EnsembleMLLR
V695G:V710I,0.5359375000000001,EnsembleMLLR
V695G:V710D,-11.3595703125,EnsembleMLLR
V695G:V707M,-1.4155273437500002,EnsembleMLLR
V695G:V707A,-0.8331542968749999,EnsembleMLLR
V695G:S697T,1.0439453125,EnsembleMLLR
V695G:S697P,0.1468750000000001,EnsembleMLLR
V695G:N698Y,-2.5328125,EnsembleMLLR
V695G:I702F,-2.28037109375,EnsembleMLLR
V695L:G709S,-3.1913574218750003,EnsembleMLLR
V695G:G709D,-9.9958740234375,EnsembleMLLR
V695G:G708D,-10.32705078125,EnsembleMLLR
V695E:V707L,0.40654296874999996,EnsembleMLLR
V695E:V707G,-4.25361328125,EnsembleMLLR
V695E:V707E,-9.83212890625,EnsembleMLLR
V695E:V707A,-0.6145996093749999,EnsembleMLLR
V695E:S697T,0.889453125,EnsembleMLLR
V695E:S697P,0.6427734375,EnsembleMLLR
V695E:S697L,0.91015625,EnsembleMLLR
V695E:V707M,-1.630322265625,EnsembleMLLR
V695E:S697A,0.8494140625000001,EnsembleMLLR
V695E:N698T,-0.36054687500000004,EnsembleMLLR
V695E:N698S,1.15966796875,EnsembleMLLR
V695E:N698K,-0.8193359375000002,EnsembleMLLR
V695E:N698I,-3.4325195312499996,EnsembleMLLR
V695E:N698H,-0.1142578125,EnsembleMLLR
V695E:N698D,-1.9713867187499998,EnsembleMLLR
V695E:M706V,2.9333984375,EnsembleMLLR
V695E:N698Y,-2.21064453125,EnsembleMLLR
V695E:V710A,1.2232421875,EnsembleMLLR
V695E:V710D,-11.57529296875,EnsembleMLLR
V695E:V710F,-1.1365234375,EnsembleMLLR
V695A:M706L,4.3572998046875,EnsembleMLLR
V695G:G700S,-0.9863769531249997,EnsembleMLLR
V695G:G700D,-3.3012695312499996,EnsembleMLLR
V695G:G700C,-8.7182861328125,EnsembleMLLR
V695G:G696D,0.7859375,EnsembleMLLR
V695G:G696C,-5.7359375,EnsembleMLLR
V695G:A713V,0.06118164062500009,EnsembleMLLR
V695G:A701V,0.5724609375,EnsembleMLLR
V695G:A701T,-0.6734863281249999,EnsembleMLLR
V695G:A701S,-1.246484375,EnsembleMLLR
V695G,1.448046875,EnsembleMLLR
V695E:V711I,0.35898437500000013,EnsembleMLLR
V695E:V711F,-0.5083984374999999,EnsembleMLLR
V695E:V711D,-11.5853515625,EnsembleMLLR
V695E:V711A,2.59931640625,EnsembleMLLR
V695E:V710L,1.1521484375,EnsembleMLLR
V695E:V710I,0.38339843750000013,EnsembleMLLR
V695G:G709C,-2.6191162109375004,EnsembleMLLR
V695L:I702F,-3.7583984375,EnsembleMLLR
V695G:G708C,-2.018212890625,EnsembleMLLR
V695L:I703T,-5.41875,EnsembleMLLR
V695A:I702T,-2.59521484375,EnsembleMLLR
V695A:I702S,-5.61611328125,EnsembleMLLR
V695A:I702N,-6.65087890625,EnsembleMLLR
V695A:I702F,-2.48505859375,EnsembleMLLR
V695A:G709V,-0.9429443359375,EnsembleMLLR
V695A:G709S,-2.2562011718750004,EnsembleMLLR
V695A:G709D,-10.4278564453125,EnsembleMLLR
V695A:I702V,0.40087890624999994,EnsembleMLLR
V695A:G709C,-3.6911865234375005,EnsembleMLLR
V695A:G708S,-2.412109375,EnsembleMLLR
V695A:G708R,-10.353124999999999,EnsembleMLLR
V695A:G708D,-10.471728515625,EnsembleMLLR
V695A:G708C,-3.5650634765625,EnsembleMLLR
V695A:G704R,-10.741683959960938,EnsembleMLLR
V695A:G704E,-10.967984771728515,EnsembleMLLR
V695A:G700V,-3.6720703125,EnsembleMLLR
V695A:G708V,-0.9237304687500001,EnsembleMLLR
V695A:G700S,-0.5365234375,EnsembleMLLR
V695A:I703F,-4.6404541015625,EnsembleMLLR
V695A:I703V,-0.5910400390624999,EnsembleMLLR
V695L:I703N,-11.2892578125,EnsembleMLLR
V695A:M706I,2.323828125,EnsembleMLLR
V695A:L705R,-11.0437255859375,EnsembleMLLR
V695A:L705P,-8.3442138671875,EnsembleMLLR
V695A:L705I,-0.7646240234375,EnsembleMLLR
V695A:L705H,-11.8737548828125,EnsembleMLLR
V695A:L705F,-3.974365234375,EnsembleMLLR
V695A:I703T,-4.4544921875000005,EnsembleMLLR
V695A:K699R,1.683984375,EnsembleMLLR
V695A:K699I,-2.080078125,EnsembleMLLR
V695A:K699E,-4.09921875,EnsembleMLLR
V695A:I712V,1.59765625,EnsembleMLLR
V695A:I712T,-2.2732421875,EnsembleMLLR
V695A:I712M,-0.2363281250000001,EnsembleMLLR
V695A:I712L,2.216455078125,EnsembleMLLR
V695A:I712K,-10.41953125,EnsembleMLLR
V695A:K699N,-1.90234375,EnsembleMLLR
V695A:G700D,-3.8702148437500004,EnsembleMLLR
V695A:I703N,-9.99365234375,EnsembleMLLR
V695A:G696V,-0.17578125,EnsembleMLLR
V695L:S697T,-1.0267578125,EnsembleMLLR
V695L:S697P,-2.0890625,EnsembleMLLR
V695L:N698Y,-3.5803710937499997,EnsembleMLLR
V695L:N698I,-5.3223632812499995,EnsembleMLLR
V695L:N698H,-2.1568359375,EnsembleMLLR
V695L:M706V,0.9271484375,EnsembleMLLR
V695L:L705H,-13.101287841796875,EnsembleMLLR
V695L:V707E,-12.055615234374999,EnsembleMLLR
V695L:L705F,-5.04554443359375,EnsembleMLLR
V695L:K699N,-2.9191406250000003,EnsembleMLLR
V695L:K699I,-2.334375,EnsembleMLLR
V695L:K699E,-5.2470703125,EnsembleMLLR
V695L:I712M,-1.6390625,EnsembleMLLR
V695L:I712L,0.725390625,EnsembleMLLR
V695A:G700C,-9.2627197265625,EnsembleMLLR
V695L:I703V,-1.71396484375,EnsembleMLLR
V695L:K699R,0.531982421875,EnsembleMLLR
V695L:V711D,-13.535546875,EnsembleMLLR
V695L:N698D,-3.933074951171875,EnsembleMLLR
V695A:A713G,-2.7570556640625,EnsembleMLLR
V695M,-1.153515625,EnsembleMLLR
V695A:G696D,0.42656249999999996,EnsembleMLLR
V695A:G696C,-6.4607421875,EnsembleMLLR
V695A:A713V,-0.21933593750000002,EnsembleMLLR
V695A:A713T,-1.9201171875,EnsembleMLLR
V695A:A713S,-3.015380859375,EnsembleMLLR
V695A:G696S,1.3951171875,EnsembleMLLR
V695A:A713E,-11.478417968750001,EnsembleMLLR
V695A:A701V,-0.7585449218750001,EnsembleMLLR
V695A:A701T,-0.5777832031250001,EnsembleMLLR
V695A:A701S,-1.970458984375,EnsembleMLLR
V695A:A701P,-2.0739501953125004,EnsembleMLLR
V695A:A701E,-5.913818359375,EnsembleMLLR
V695A,0.780859375,EnsembleMLLR
V695M:A701P,-4.0639404296875,EnsembleMLLR
V695M:A701G,-5.274218749999999,EnsembleMLLR
V695M:A701E,-7.46689453125,EnsembleMLLR
V695A:G696R,-0.9595703125,EnsembleMLLR
G696S:L705P,-8.192724609375,EnsembleMLLR
G696S:M706I,2.2953125,EnsembleMLLR
G696S:L705H,-12.415570068359376,EnsembleMLLR
G696S:V707A,-1.296923828125,EnsembleMLLR
G696S:M706K,-7.7035156250000005,EnsembleMLLR
G696S:K699R,1.629541015625,EnsembleMLLR
G696S:K699N,-1.6980468750000002,EnsembleMLLR
G696S:L705F,-3.9205932617187504,EnsembleMLLR
G696S:M706L,4.3771606445312505,EnsembleMLLR
G696S:S697P,-0.5761718750000001,EnsembleMLLR
G696S:M706V,2.416015625,EnsembleMLLR
G696S:N698D,-2.119140625,EnsembleMLLR
G696S:N698I,-4.06943359375,EnsembleMLLR
G696S:N698S,0.655078125,EnsembleMLLR
G696S:N698T,-1.0879638671875,EnsembleMLLR
G696S:N698Y,-3.1560546875,EnsembleMLLR
G696S:K699I,-2.2298828124999996,EnsembleMLLR
G696S:S697T,-0.13164062499999996,EnsembleMLLR
G696S:M706T,-1.3615234375,EnsembleMLLR
G696S:K699E,-3.512890625,EnsembleMLLR
G696S:G708C,-3.6105957031250004,EnsembleMLLR
G696S:I712T,-2.75234375,EnsembleMLLR
G696S:V707E,-10.812402343750001,EnsembleMLLR
G696S:G704E,-11.545981979370117,EnsembleMLLR
G696S:G704R,-11.561943054199219,EnsembleMLLR
G696S:G708D,-11.18837890625,EnsembleMLLR
G696S:G708S,-3.7436767578125,EnsembleMLLR
G696S:G709C,-3.1024169921875,EnsembleMLLR
G696S:G709D,-10.541259765625,EnsembleMLLR
G696S:G709S,-2.7720397949218754,EnsembleMLLR
G696S:I702F,-3.477587890625,EnsembleMLLR
G696S:I702N,-7.55810546875,EnsembleMLLR
G696S:I702T,-2.37607421875,EnsembleMLLR
G696S:I702V,0.28916015625,EnsembleMLLR
G696S:I703F,-5.1265869140625,EnsembleMLLR
G696S:I703N,-11.041845703125,EnsembleMLLR
G696S:I703T,-3.80986328125,EnsembleMLLR
G696S:I703V,-0.87213134765625,EnsembleMLLR
G696S:I712K,-10.817578124999999,EnsembleMLLR
G696S:I712L,2.14765625,EnsembleMLLR
G696S:I712M,-0.2763671874999999,EnsembleMLLR
G696S:I712V,1.7195312500000002,EnsembleMLLR
G696S:V707L,-0.7466796875000001,EnsembleMLLR
G696V:V707E,-12.970703125,EnsembleMLLR
G696S:V710A,0.12519531249999993,EnsembleMLLR
G696V:I712V,-0.33857421875000004,EnsembleMLLR
G696V:K699E,-6.134570312499999,EnsembleMLLR
G696V:K699I,-3.902734375,EnsembleMLLR
G696V:K699N,-3.5875000000000004,EnsembleMLLR
G696V:L705F,-5.5857910156249995,EnsembleMLLR
G696V:L705H,-14.359234619140626,EnsembleMLLR
G696V:M706I,0.6361328125000001,EnsembleMLLR
G696V:M706L,2.653125,EnsembleMLLR
G696V:I712M,-2.474609375,EnsembleMLLR
G696V:N698D,-4.5998046875,EnsembleMLLR
G696V:N698Y,-4.81376953125,EnsembleMLLR
G696V:S697P,-2.916796875,EnsembleMLLR
G696V:S697T,-2.115234375,EnsembleMLLR
G696V:V707M,-4.5724609375,EnsembleMLLR
G696V:V710I,-2.42919921875,EnsembleMLLR
G696W,-3.96015625,EnsembleMLLR
G696Y,-2.3046875,EnsembleMLLR
G696S:G700S,-1.5757080078125,EnsembleMLLR
G696V:N698S,-1.77587890625,EnsembleMLLR
G696V:I712L,-0.19775390625,EnsembleMLLR
G696V:I712K,-12.4076171875,EnsembleMLLR
G696V:I703V,-3.135693359375,EnsembleMLLR
G696S:V710D,-12.416796875,EnsembleMLLR
G696S:V710I,0.11503906249999996,EnsembleMLLR
G696S:V711A,0.8990966796875,EnsembleMLLR
G696S:V711D,-12.371875000000001,EnsembleMLLR
G696S:V711I,0.12617187499999993,EnsembleMLLR
G696T,-0.0681640625,EnsembleMLLR
G696V,-1.432421875,EnsembleMLLR
G696V:A701T,-3.029638671875,EnsembleMLLR
G696V:G700C,-10.82633056640625,EnsembleMLLR
G696V:G704R,-13.526666450500487,EnsembleMLLR
G696V:G708C,-5.7306884765625,EnsembleMLLR
G696V:G708D,-13.390576171875,EnsembleMLLR
G696V:G708S,-4.82353515625,EnsembleMLLR
G696V:G708V,-3.72850341796875,EnsembleMLLR
G696V:G709C,-5.8076416015625,EnsembleMLLR
G696V:G709S,-4.83763427734375,EnsembleMLLR
G696V:I702N,-9.653613281250001,EnsembleMLLR
G696V:I702V,-1.65478515625,EnsembleMLLR
G696V:I703N,-12.043408203125,EnsembleMLLR
G696S:V707M,-2.4513671875000003,EnsembleMLLR
G696S:G700D,-4.292529296874999,EnsembleMLLR
G696R:I703T,-6.721728515625,EnsembleMLLR
G696S:A713V,-0.7674072265624999,EnsembleMLLR
G696C:N698K,-10.36171875,EnsembleMLLR
G696C:N698I,-11.24326171875,EnsembleMLLR
G696C:N698D,-10.30615234375,EnsembleMLLR
G696C:M706V,-4.8349609375,EnsembleMLLR
G696C:M706T,-8.4478515625,EnsembleMLLR
G696D:I703F,-5.982958984375,EnsembleMLLR
G696C:M706L,-3.45430908203125,EnsembleMLLR
G696C:M706K,-15.253125,EnsembleMLLR
G696C:M706I,-5.3591796875,EnsembleMLLR
G696C:L705P,-16.699719238281247,EnsembleMLLR
G696C:L705I,-7.893701171875,EnsembleMLLR
G696C:L705H,-20.10841064453125,EnsembleMLLR
G696C:L705F,-11.491455078125,EnsembleMLLR
G696C:K699T,-7.9470703125,EnsembleMLLR
G696C:K699R,-6.7435546875,EnsembleMLLR
G696C:K699N,-10.21611328125,EnsembleMLLR
G696C:K699I,-10.78515625,EnsembleMLLR
G696C:K699E,-10.5380859375,EnsembleMLLR
G696C:I712V,-6.1285156249999995,EnsembleMLLR
G696C:N698S,-6.717578124999999,EnsembleMLLR
G696C:I712T,-9.64609375,EnsembleMLLR
G696S:G700C,-9.0958740234375,EnsembleMLLR
G696C:S697L,-7.361328125,EnsembleMLLR
G696D:A713T,-4.1123291015625,EnsembleMLLR
G696D:A713S,-4.60029296875,EnsembleMLLR
G696D:A713E,-12.919921875,EnsembleMLLR
G696D:A701V,-2.16640625,EnsembleMLLR
G696D:A701T,-2.4867919921875004,EnsembleMLLR
G696D:A701S,-3.05009765625,EnsembleMLLR
G696D:A701E,-7.30791015625,EnsembleMLLR
G696D,-0.803515625,EnsembleMLLR
G696C:V711I,-8.0513671875,EnsembleMLLR
G696C:V711D,-20.2517578125,EnsembleMLLR
G696C:V711A,-6.8560546875,EnsembleMLLR
G696C:V710I,-8.643994140625,EnsembleMLLR
G696C:V710D,-20.034375,EnsembleMLLR
G696C:V710A,-8.33837890625,EnsembleMLLR
G696C:V707M,-10.36748046875,EnsembleMLLR
G696C:V707E,-18.76357421875,EnsembleMLLR
G696C:V707A,-8.966845703125,EnsembleMLLR
G696C:S697T,-7.1189453125,EnsembleMLLR
G696C:S697P,-8.3150390625,EnsembleMLLR
G696C:N698Y,-10.48671875,EnsembleMLLR
G696D:A713V,-1.82841796875,EnsembleMLLR
G696C:I712M,-8.32734375,EnsembleMLLR
G696A,-0.161328125,EnsembleMLLR
G696C:G700C,-17.42880859375,EnsembleMLLR
G696C:G700D,-11.8056884765625,EnsembleMLLR
G696C:G700S,-9.3499755859375,EnsembleMLLR
G696C:G704E,-18.784190368652343,EnsembleMLLR
G696C:G704R,-18.991026306152342,EnsembleMLLR
G696C:G708C,-11.9444091796875,EnsembleMLLR
G696C:G708D,-18.11083984375,EnsembleMLLR
G696C:G708S,-9.643603515625,EnsembleMLLR
G696C:G708V,-7.88779296875,EnsembleMLLR
G696C:G709C,-10.321374511718751,EnsembleMLLR
G696C:G709D,-17.6234130859375,EnsembleMLLR
G696C:G709S,-9.6982421875,EnsembleMLLR
G696C:I702F,-10.2642578125,EnsembleMLLR
G696C:I702N,-15.9890625,EnsembleMLLR
G696C:I702T,-11.128808593750001,EnsembleMLLR
G696C:I702V,-6.8193359375,EnsembleMLLR
G696C:I703F,-11.69677734375,EnsembleMLLR
G696C:I703N,-17.9569580078125,EnsembleMLLR
G696C:I703T,-11.810009765625,EnsembleMLLR
G696C:A713V,-8.0008056640625,EnsembleMLLR
G696C:I712L,-5.3080078125,EnsembleMLLR
G696C:A713T,-8.7011962890625,EnsembleMLLR
G696C:A713G,-9.16650390625,EnsembleMLLR
G696A:G700C,-9.845458984375,EnsembleMLLR
G696A:G708C,-4.63935546875,EnsembleMLLR
G696A:G709C,-2.9189453125,EnsembleMLLR
G696A:I703T,-4.8298828125,EnsembleMLLR
G696A:I712K,-11.621484375,EnsembleMLLR
G696A:K699E,-4.9296875,EnsembleMLLR
G696A:K699N,-2.709375,EnsembleMLLR
G696A:L705H,-12.8882080078125,EnsembleMLLR
G696A:S697T,-0.9691406250000001,EnsembleMLLR
G696A:V707E,-11.836083984375001,EnsembleMLLR
G696A:V710I,-1.2950195312500001,EnsembleMLLR
G696A:V711D,-13.4328125,EnsembleMLLR
G696C,-7.0890625,EnsembleMLLR
G696C:A701E,-13.36669921875,EnsembleMLLR
G696C:A701P,-9.38486328125,EnsembleMLLR
G696C:A701S,-10.386669921875,EnsembleMLLR
G696C:A701T,-8.563232421875,EnsembleMLLR
G696C:A701V,-8.729638671875,EnsembleMLLR
G696C:A713E,-19.468017578125,EnsembleMLLR
G696C:A713S,-10.941162109375,EnsembleMLLR
G696D:G700C,-10.4225341796875,EnsembleMLLR
G696D:G700D,-5.388525390625,EnsembleMLLR
G696D:G704E,-12.616893768310547,EnsembleMLLR
G696R:I712L,-1.01962890625,EnsembleMLLR
G696R:I712K,-13.0318359375,EnsembleMLLR
G696D:I702V,-1.09619140625,EnsembleMLLR
G696R:I703N,-14.091235351562501,EnsembleMLLR
G696R:I702V,-2.2841796875,EnsembleMLLR
G696R:I702N,-8.339648437500001,EnsembleMLLR
G696R:G709S,-3.571240234375,EnsembleMLLR
G696R:G709D,-13.75908203125,EnsembleMLLR
G696R:G709C,-5.5462890625000005,EnsembleMLLR
G696R:G708C,-5.79130859375,EnsembleMLLR
G696R:G700C,-12.259423828125,EnsembleMLLR
G696R:A701V,-4.253076171875,EnsembleMLLR
G696R:A701T,-3.714111328125,EnsembleMLLR
G696R:A701G,-6.025439453125,EnsembleMLLR
G696R,-1.8802734375,EnsembleMLLR
G696N,-0.8560546875,EnsembleMLLR
G696F,-2.14375,EnsembleMLLR
G696E,-0.801953125,EnsembleMLLR
G696D:V711I,-1.7351562500000002,EnsembleMLLR
G696R:I712V,-1.190234375,EnsembleMLLR
G696D:V711G,-4.2015625,EnsembleMLLR
G696R:K699E,-6.0076171875,EnsembleMLLR
G696R:K699N,-4.7927734375,EnsembleMLLR
G696S:A713T,-2.313232421875,EnsembleMLLR
G696S:A713S,-3.177587890625,EnsembleMLLR
G696S:A701V,-1.4298339843749999,EnsembleMLLR
G696S:A701T,-1.0241943359375,EnsembleMLLR
G696S:A701S,-1.9813964843749998,EnsembleMLLR
G696S:A701E,-5.275195312499999,EnsembleMLLR
G696S,0.8396484375,EnsembleMLLR
G696R:V707M,-4.993701171875,EnsembleMLLR
G696R:V707E,-13.655712890625,EnsembleMLLR
G696R:V707A,-3.97392578125,EnsembleMLLR
G696R:S697T,-2.6251953125,EnsembleMLLR
G696R:S697L,-2.505859375,EnsembleMLLR
G696R:N698Y,-6.317187499999999,EnsembleMLLR
G696R:N698D,-4.80361328125,EnsembleMLLR
G696R:M706T,-4.33515625,EnsembleMLLR
G696R:M706L,2.56202392578125,EnsembleMLLR
G696R:M706K,-10.3349609375,EnsembleMLLR
G696R:L705H,-14.167138671875,EnsembleMLLR
G696R:K699R,-1.6179687500000002,EnsembleMLLR
G696R:K699I,-3.9701171874999996,EnsembleMLLR
G696D:V711D,-13.701171875,EnsembleMLLR
G696D:V711A,-0.582666015625,EnsembleMLLR
G696D:V710L,-1.37451171875,EnsembleMLLR
G696D:K699I,-3.9130859375,EnsembleMLLR
G696D:K699E,-5.9976562499999995,EnsembleMLLR
G696D:I712V,0.4794921875,EnsembleMLLR
G696D:I712T,-3.2082031250000003,EnsembleMLLR
G696D:I712M,-1.7160156249999998,EnsembleMLLR
G696D:I712L,0.8714355468749999,EnsembleMLLR
G696D:I712K,-12.296093749999999,EnsembleMLLR
G696D:I703V,-1.97158203125,EnsembleMLLR
G696D:I702T,-4.496875,EnsembleMLLR
G696D:I703T,-6.0912109375,EnsembleMLLR
G696D:I702N,-8.42666015625,EnsembleMLLR
G696D:I702F,-4.32138671875,EnsembleMLLR
G696D:G709S,-3.275341796875,EnsembleMLLR
G696D:G709D,-13.267822265625,EnsembleMLLR
G696D:G709C,-3.2489746093750003,EnsembleMLLR
G696D:G708V,-3.59078369140625,EnsembleMLLR
G696D:G708S,-3.91856689453125,EnsembleMLLR
G696D:G708D,-13.064501953125,EnsembleMLLR
G696D:G708C,-4.680908203125,EnsembleMLLR
G696D:K699N,-3.8271484375,EnsembleMLLR
G696D:K699R,-0.029687499999999978,EnsembleMLLR
G696D:L705F,-5.933184814453124,EnsembleMLLR
G696D:L705H,-13.26043701171875,EnsembleMLLR
G696D:V710I,-1.80224609375,EnsembleMLLR
G696D:V710D,-13.337109374999999,EnsembleMLLR
G696D:V710A,-1.70849609375,EnsembleMLLR
G696D:V707M,-3.84873046875,EnsembleMLLR
G696D:V707L,-1.73369140625,EnsembleMLLR
G696D:V707E,-12.726269531249999,EnsembleMLLR
G696D:V707A,-2.899462890625,EnsembleMLLR
G696D:S697T,-0.82578125,EnsembleMLLR
G696D:S697P,-2.5080078125,EnsembleMLLR
G696C:I703V,-8.479638671875,EnsembleMLLR
G696D:S697L,-1.8744140625,EnsembleMLLR
G696D:N698S,-1.471533203125,EnsembleMLLR
G696D:N698I,-5.1353515624999995,EnsembleMLLR
G696D:N698D,-3.79814453125,EnsembleMLLR
G696D:M706V,0.594921875,EnsembleMLLR
G696D:M706T,-3.167578125,EnsembleMLLR
G696D:M706L,2.89937744140625,EnsembleMLLR
G696D:M706K,-9.6357421875,EnsembleMLLR
G696D:M706I,0.72109375,EnsembleMLLR
G696D:L705P,-10.1340576171875,EnsembleMLLR
G696D:N698Y,-5.14345703125,EnsembleMLLR
G696C:I712K,-18.266406250000003,EnsembleMLLR
S697I,-0.4048828125,EnsembleMLLR
S697A:A713V,-1.818701171875,EnsembleMLLR
S697L:G709C,-5.46541748046875,EnsembleMLLR
S697L:G709D,-12.5866455078125,EnsembleMLLR
S697L:G709S,-3.68037109375,EnsembleMLLR
S697L:I702F,-4.47216796875,EnsembleMLLR
S697L:I702N,-7.7470703125,EnsembleMLLR
S697L:I702T,-4.06337890625,EnsembleMLLR
S697L:I702V,-0.8333984375,EnsembleMLLR
S697L:I703F,-5.930419921875,EnsembleMLLR
S697L:I703N,-11.8128662109375,EnsembleMLLR
S697L:I703T,-6.332275390625,EnsembleMLLR
S697L:I703V,-2.3607421875,EnsembleMLLR
S697L:I712K,-11.2455078125,EnsembleMLLR
S697L:G708V,-1.956884765625,EnsembleMLLR
S697L:I712L,0.6732421875000001,EnsembleMLLR
S697L:I712T,-4.397265625,EnsembleMLLR
S697L:I712V,-0.06767578125000007,EnsembleMLLR
S697L:K699E,-4.8716796874999995,EnsembleMLLR
S697L:K699I,-2.7599609375,EnsembleMLLR
S697L:K699N,-2.9154296874999996,EnsembleMLLR
S697L:K699Q,-2.9689453125,EnsembleMLLR
S697L:K699R,-0.06845703125000002,EnsembleMLLR
S697L:L705F,-6.13912353515625,EnsembleMLLR
S697L:L705H,-13.8143310546875,EnsembleMLLR
S697L:L705I,-3.6573242187500004,EnsembleMLLR
S697L:L705P,-9.70137939453125,EnsembleMLLR
S697L:M706I,0.45527343749999993,EnsembleMLLR
S697L:I712M,-2.04140625,EnsembleMLLR
S697L:G708S,-4.770751953125,EnsembleMLLR
S697L:G708D,-13.518310546875,EnsembleMLLR
S697L:G708C,-5.9201171875,EnsembleMLLR
S697A:G708C,-4.69521484375,EnsembleMLLR
S697A:I703T,-5.5987548828125,EnsembleMLLR
S697A:I712L,0.82060546875,EnsembleMLLR
S697A:I712M,-1.3361328125,EnsembleMLLR
S697A:I712T,-3.7279296874999996,EnsembleMLLR
S697A:K699N,-3.18984375,EnsembleMLLR
S697A:K699R,0.18706054687499996,EnsembleMLLR
S697A:L705H,-12.4022705078125,EnsembleMLLR
S697A:L705V,-3.524365234375,EnsembleMLLR
S697A:N698Y,-4.19462890625,EnsembleMLLR
S697A:V707A,-2.903173828125,EnsembleMLLR
S697A:V711D,-13.2861328125,EnsembleMLLR
S697C,-8.7017578125,EnsembleMLLR
S697F,-2.1681640625,EnsembleMLLR
S697K,-2.3197265625,EnsembleMLLR
S697L,-1.166015625,EnsembleMLLR
S697L:A701E,-7.27578125,EnsembleMLLR
S697L:A701S,-4.0716796875,EnsembleMLLR
S697L:A701T,-3.217236328125,EnsembleMLLR
S697L:A701V,-1.93046875,EnsembleMLLR
S697L:A713S,-4.573681640625001,EnsembleMLLR
S697L:A713T,-3.8562255859374996,EnsembleMLLR
S697L:A713V,-1.503662109375,EnsembleMLLR
S697L:G700C,-10.1704345703125,EnsembleMLLR
S697L:G700D,-5.9572265625,EnsembleMLLR
S697L:G700V,-4.756787109375,EnsembleMLLR
S697L:G704R,-12.509627532958984,EnsembleMLLR
S697A,-0.6384765625,EnsembleMLLR
S697Y,-3.474609375,EnsembleMLLR
S697T:I712T,-3.0720703124999997,EnsembleMLLR
S697T:V711I,-1.6806640625,EnsembleMLLR
S697P:I702F,-4.97509765625,EnsembleMLLR
S697P:I702N,-8.95068359375,EnsembleMLLR
S697P:I702T,-4.99228515625,EnsembleMLLR
S697P:I702V,-1.8966796875,EnsembleMLLR
S697P:I703F,-6.692138671875,EnsembleMLLR
S697P:I703T,-6.8414306640625,EnsembleMLLR
S697P:I703V,-2.8113525390625,EnsembleMLLR
S697T:G700D,-5.2528320312500005,EnsembleMLLR
S697P:I712K,-13.084179687499999,EnsembleMLLR
S697P:I712L,0.4435546874999998,EnsembleMLLR
S697P:I712M,-2.2396484374999996,EnsembleMLLR
S697P:I712T,-4.42890625,EnsembleMLLR
S697P:I712V,-0.22128906250000013,EnsembleMLLR
S697P:K699E,-6.558789062500001,EnsembleMLLR
S697P:K699I,-4.753125,EnsembleMLLR
S697P:K699N,-4.2267578125,EnsembleMLLR
S697P:K699R,-0.9196289062499999,EnsembleMLLR
S697P:G709S,-4.31982421875,EnsembleMLLR
S697P:L705F,-6.072247314453126,EnsembleMLLR
S697P:G709D,-12.946826171875,EnsembleMLLR
S697P:G709A,-3.5703674316406246,EnsembleMLLR
S697P:A701T,-3.050732421875,EnsembleMLLR
S697P:A701V,-3.0889648437500004,EnsembleMLLR
S697P:A713E,-14.173510742187501,EnsembleMLLR
S697P:A713G,-3.888671875,EnsembleMLLR
S697P:A713S,-5.7599853515625,EnsembleMLLR
S697P:A713T,-4.314599609375,EnsembleMLLR
S697P:A713V,-2.5333740234375,EnsembleMLLR
S697P:G700C,-11.062841796874999,EnsembleMLLR
S697P:G700D,-6.60096435546875,EnsembleMLLR
S697T:G700R,-5.6166015625,EnsembleMLLR
S697P:G704E,-13.563497924804688,EnsembleMLLR
S697P:G704R,-13.636062622070312,EnsembleMLLR
S697P:G708A,-3.44739990234375,EnsembleMLLR
S697P:G708C,-5.7555908203125,EnsembleMLLR
S697P:G708D,-13.368701171875,EnsembleMLLR
S697P:G708S,-4.0997802734375,EnsembleMLLR
S697P:G708V,-4.237158203125,EnsembleMLLR
S697P:G709C,-5.1572021484375,EnsembleMLLR
S697P:A701S,-4.10244140625,EnsembleMLLR
S697P:L705H,-14.31705322265625,EnsembleMLLR
S697P:L705P,-10.96488037109375,EnsembleMLLR
S697P:V711I,-2.7974609375000004,EnsembleMLLR
S697Q,-1.76953125,EnsembleMLLR
S697R,-2.5537109375,EnsembleMLLR
S697T,-0.7701171875,EnsembleMLLR
S697T:A701E,-7.005078125,EnsembleMLLR
S697T:A701G,-3.8992675781250004,EnsembleMLLR
S697T:A701P,-2.715185546875,EnsembleMLLR
S697T:A701S,-2.822265625,EnsembleMLLR
S697T:G700C,-9.78828125,EnsembleMLLR
S697T:G700A,-2.4262939453125,EnsembleMLLR
S697T:A713V,-1.952880859375,EnsembleMLLR
S697T:A713T,-3.8985839843749996,EnsembleMLLR
S697T:A713S,-5.001708984375,EnsembleMLLR
S697T:A713E,-13.3019775390625,EnsembleMLLR
S697T:A701V,-2.46904296875,EnsembleMLLR
S697T:A701T,-2.03935546875,EnsembleMLLR
S697L:M706K,-9.016015625,EnsembleMLLR
S697P:V711D,-14.8990234375,EnsembleMLLR
S697P:L705I,-3.0201171875,EnsembleMLLR
S697P:V711A,-0.98623046875,EnsembleMLLR
S697P:V710G,-4.080859375,EnsembleMLLR
S697P:M706I,-0.6486328125,EnsembleMLLR
S697P:M706K,-9.58203125,EnsembleMLLR
S697P:M706L,2.954620361328125,EnsembleMLLR
S697P:M706T,-3.6169921875,EnsembleMLLR
S697P:M706V,-0.15273437499999987,EnsembleMLLR
S697P:N698D,-4.829296875,EnsembleMLLR
S697P:N698I,-7.3802734375000005,EnsembleMLLR
S697P:N698K,-4.20556640625,EnsembleMLLR
S697P:N698S,-1.4671874999999999,EnsembleMLLR
S697P:N698T,-3.134228515625,EnsembleMLLR
S697P:N698Y,-5.3177734375,EnsembleMLLR
S697P:V707A,-3.4930908203125,EnsembleMLLR
S697P:V707E,-12.51982421875,EnsembleMLLR
S697P:V707L,-3.0379882812499996,EnsembleMLLR
S697P:V707M,-4.22412109375,EnsembleMLLR
S697P:V710A,-1.865234375,EnsembleMLLR
S697P:V710D,-14.41123046875,EnsembleMLLR
S697P:V710I,-2.24462890625,EnsembleMLLR
S697V,-0.28984375,EnsembleMLLR
S697P:A701P,-4.4265625,EnsembleMLLR
S697P,-1.0892578125,EnsembleMLLR
S697T:M706T,-3.0931640625,EnsembleMLLR
S697T:M706L,3.944140625,EnsembleMLLR
S697T:M706K,-8.984179687500001,EnsembleMLLR
S697T:M706I,0.43203125,EnsembleMLLR
S697T:L705R,-12.47689208984375,EnsembleMLLR
S697T:L705P,-10.6641845703125,EnsembleMLLR
S697T:L705I,-2.22388916015625,EnsembleMLLR
S697T:L705H,-13.808755493164062,EnsembleMLLR
S697T:L705F,-5.62174072265625,EnsembleMLLR
S697T:K699T,-1.4830078125000001,EnsembleMLLR
S697T:K699R,-0.38696289062500006,EnsembleMLLR
S697T:K699Q,-1.5894531250000001,EnsembleMLLR
S697T:K699N,-3.5568359375,EnsembleMLLR
S697T:K699I,-4.3814453125,EnsembleMLLR
S697T:K699E,-5.4171875,EnsembleMLLR
S697T:I712V,0.5177734375,EnsembleMLLR
S697T:I712M,-2.17421875,EnsembleMLLR
S697T:M706V,0.49921874999999993,EnsembleMLLR
S697T:I712L,0.733740234375,EnsembleMLLR
S697T:N698D,-3.04150390625,EnsembleMLLR
S697T:N698I,-5.3248046874999995,EnsembleMLLR
S697T:V711G,-4.776953125,EnsembleMLLR
S697T:V711F,-2.9130859375,EnsembleMLLR
S697T:V711D,-12.9443359375,EnsembleMLLR
S697T:V711A,-0.667626953125,EnsembleMLLR
S697T:V710L,-0.7865234375,EnsembleMLLR
S697T:V710I,-1.7267578125,EnsembleMLLR
S697T:V710F,-3.3712890625,EnsembleMLLR
S697T:V710D,-14.0232421875,EnsembleMLLR
S697T:V710A,-1.5072265625,EnsembleMLLR
S697T:V707M,-3.40244140625,EnsembleMLLR
S697T:V707L,-2.202001953125,EnsembleMLLR
S697T:V707E,-11.91884765625,EnsembleMLLR
S697T:V707A,-2.3802734375,EnsembleMLLR
S697T:N698Y,-3.6306640625,EnsembleMLLR
S697T:N698T,-2.48994140625,EnsembleMLLR
S697T:N698S,-1.225,EnsembleMLLR
S697T:N698K,-3.189453125,EnsembleMLLR
S697T:N698H,-2.5873046874999996,EnsembleMLLR
S697P:A701E,-7.9437500000000005,EnsembleMLLR
S697T:I712K,-12.0537109375,EnsembleMLLR
S697T:I703T,-4.54755859375,EnsembleMLLR
S697T:G700V,-3.88277587890625,EnsembleMLLR
S697T:G700S,-2.865966796875,EnsembleMLLR
S697L:M706T,-2.8248046875,EnsembleMLLR
S697L:M706V,1.6654296875,EnsembleMLLR
S697L:N698D,-4.1537109375,EnsembleMLLR
S697L:N698I,-5.6048828125,EnsembleMLLR
S697L:N698S,-1.68076171875,EnsembleMLLR
S697L:N698Y,-5.7708984375,EnsembleMLLR
S697L:V707A,-2.53603515625,EnsembleMLLR
S697L:V707E,-13.026562499999999,EnsembleMLLR
S697L:V707M,-4.487890625,EnsembleMLLR
S697L:V710D,-14.5416015625,EnsembleMLLR
S697L:V710I,-1.87451171875,EnsembleMLLR
S697L:V711A,-0.033129882812499956,EnsembleMLLR
S697L:V711D,-13.92109375,EnsembleMLLR
S697L:V711I,-1.21328125,EnsembleMLLR
S697L:V711L,-0.47734375,EnsembleMLLR
S697T:G704A,-5.162097930908203,EnsembleMLLR
S697T:I703V,-2.318798828125,EnsembleMLLR
S697T:G704E,-12.515541076660156,EnsembleMLLR
S697T:G704V,-8.979347229003906,EnsembleMLLR
S697T:I703N,-12.927905273437501,EnsembleMLLR
S697T:I703L,-3.9521240234375,EnsembleMLLR
S697T:I703F,-5.9710205078125,EnsembleMLLR
S697T:I702V,-0.9821289062499999,EnsembleMLLR
S697T:I702T,-4.2091796875,EnsembleMLLR
S697T:I702N,-9.36865234375,EnsembleMLLR
S697T:I702F,-4.8779296875,EnsembleMLLR
S697T:G709V,-2.3189208984375,EnsembleMLLR
S697T:G709S,-3.705419921875,EnsembleMLLR
S697T:G709R,-13.744946289062499,EnsembleMLLR
S697T:G709D,-11.043896484375,EnsembleMLLR
S697T:G709C,-4.766430664062501,EnsembleMLLR
S697T:G708V,-2.0997558593749996,EnsembleMLLR
S697T:G708S,-4.0134521484375,EnsembleMLLR
S697T:G708D,-12.36064453125,EnsembleMLLR
S697T:G708C,-4.7968505859375,EnsembleMLLR
S697T:G708A,-1.637890625,EnsembleMLLR
S697T:G704R,-13.208417510986328,EnsembleMLLR
S697L:M706L,2.5341064453125,EnsembleMLLR
N698Y:G709C,-8.6367919921875,EnsembleMLLR
N698Y:V711A,-3.8433837890625,EnsembleMLLR
N698I:I703V,-5.883740234375001,EnsembleMLLR
N698I:I703T,-8.862744140625,EnsembleMLLR
N698I:I703N,-16.9333740234375,EnsembleMLLR
N698I:I703F,-8.9682861328125,EnsembleMLLR
N698I:I702V,-5.807763671875,EnsembleMLLR
N698I:I702T,-6.87255859375,EnsembleMLLR
N698I:I702N,-13.31953125,EnsembleMLLR
N698I:I702M,-5.946484375000001,EnsembleMLLR
N698I:I702F,-8.37623291015625,EnsembleMLLR
N698I:G709V,-7.22247314453125,EnsembleMLLR
N698I:G709S,-7.545166015625,EnsembleMLLR
N698I:G709R,-17.35830078125,EnsembleMLLR
N698I:G709D,-17.1833984375,EnsembleMLLR
N698I:G709C,-9.686373901367187,EnsembleMLLR
N698I:G708V,-7.12462158203125,EnsembleMLLR
N698I:I712K,-16.3404296875,EnsembleMLLR
N698I:I712L,-3.7531250000000003,EnsembleMLLR
N698I:I712M,-5.5771484375,EnsembleMLLR
N698I:I712T,-7.228125,EnsembleMLLR
N698I:V707A,-7.028515625000001,EnsembleMLLR
N698I:M706V,-3.1263671875000005,EnsembleMLLR
N698I:M706T,-7.047656249999999,EnsembleMLLR
N698I:M706L,-0.058325195312500355,EnsembleMLLR
N698I:M706K,-13.02919921875,EnsembleMLLR
N698I:M706I,-3.1185546875,EnsembleMLLR
N698I:L705R,-16.54107666015625,EnsembleMLLR
N698I:G708S,-8.99508056640625,EnsembleMLLR
N698I:L705P,-14.92122802734375,EnsembleMLLR
N698I:L705H,-17.26300048828125,EnsembleMLLR
N698I:L705F,-9.138024902343751,EnsembleMLLR
N698I:K699R,-4.77587890625,EnsembleMLLR
N698I:K699N,-7.0533203124999995,EnsembleMLLR
N698I:K699I,-8.03271484375,EnsembleMLLR
N698I:K699E,-8.4177734375,EnsembleMLLR
N698I:I712V,-3.92421875,EnsembleMLLR
N698I:L705I,-7.10782470703125,EnsembleMLLR
N698I:G708D,-16.56015625,EnsembleMLLR
N698I:G708C,-8.47822265625,EnsembleMLLR
N698I:G704R,-16.1053409576416,EnsembleMLLR
N698H:I712V,-1.4253906250000001,EnsembleMLLR
N698H:I712L,-1.5376953125,EnsembleMLLR
N698H:I703V,-3.3323974609375,EnsembleMLLR
N698H:I703T,-7.621875,EnsembleMLLR
N698H:I702N,-9.753515625,EnsembleMLLR
N698H:I702F,-6.2841796875,EnsembleMLLR
N698H:A713V,-3.138427734375,EnsembleMLLR
N698H:K699R,-1.190625,EnsembleMLLR
N698H,-2.82113037109375,EnsembleMLLR
N698F,-5.55556640625,EnsembleMLLR
N698D:V711L,-2.25068359375,EnsembleMLLR
N698D:V711I,-4.380078125,EnsembleMLLR
N698D:V711G,-6.7919921875,EnsembleMLLR
N698D:V711F,-5.552746582031251,EnsembleMLLR
N698D:V711D,-16.4431884765625,EnsembleMLLR
N698D:V711A,-2.778857421875,EnsembleMLLR
N698G,-1.55234375,EnsembleMLLR
N698I:V707E,-16.06337890625,EnsembleMLLR
N698H:V710I,-3.6921874999999997,EnsembleMLLR
N698I,-5.644140625,EnsembleMLLR
N698I:G704E,-16.81422348022461,EnsembleMLLR
N698I:G700V,-9.0315673828125,EnsembleMLLR
N698I:G700S,-7.138720703124999,EnsembleMLLR
N698I:G700D,-9.05654296875,EnsembleMLLR
N698I:G700C,-15.125683593749999,EnsembleMLLR
N698I:G700A,-5.0287109375,EnsembleMLLR
N698I:A713V,-5.389990234375,EnsembleMLLR
N698H:V711D,-15.059814453125,EnsembleMLLR
N698I:A713T,-7.710522460937501,EnsembleMLLR
N698I:A713G,-7.9012939453125,EnsembleMLLR
N698I:A713E,-16.69150390625,EnsembleMLLR
N698I:A701V,-6.833935546875001,EnsembleMLLR
N698I:A701T,-6.65029296875,EnsembleMLLR
N698I:A701S,-7.679248046875,EnsembleMLLR
N698I:A701G,-8.9001953125,EnsembleMLLR
N698I:A701E,-12.323046875,EnsembleMLLR
N698I:A713S,-9.25771484375,EnsembleMLLR
N698D:V710L,-3.64130859375,EnsembleMLLR
N698I:V707L,-7.12685546875,EnsembleMLLR
N698I:V710A,-4.669921875,EnsembleMLLR
N698S:K699E,-5.2119140625,EnsembleMLLR
N698S:I712V,0.48779296875,EnsembleMLLR
N698S:I712T,-4.4525390625,EnsembleMLLR
N698S:I712M,-1.1349609375,EnsembleMLLR
N698S:I712L,0.86904296875,EnsembleMLLR
N698S:I712K,-11.461816406250001,EnsembleMLLR
N698S:I703V,-1.60880126953125,EnsembleMLLR
N698S:I703T,-5.12265625,EnsembleMLLR
N698S:I703N,-12.767749023437501,EnsembleMLLR
N698S:I703F,-4.76748046875,EnsembleMLLR
N698S:I702V,-0.68916015625,EnsembleMLLR
N698S:I702T,-3.77255859375,EnsembleMLLR
N698S:I702N,-7.7361328125,EnsembleMLLR
N698S:I702F,-4.058837890625,EnsembleMLLR
N698S:G709S,-3.102392578125,EnsembleMLLR
N698S:K699I,-3.72421875,EnsembleMLLR
N698S:K699N,-1.5736328125,EnsembleMLLR
N698S:K699R,0.53115234375,EnsembleMLLR
N698S:L705F,-5.22093505859375,EnsembleMLLR
N698S:V711D,-13.0205078125,EnsembleMLLR
N698S:V711A,-0.80126953125,EnsembleMLLR
N698S:V710I,-1.0638671874999999,EnsembleMLLR
N698S:V710D,-13.24912109375,EnsembleMLLR
N698S:V710A,-0.23369140625,EnsembleMLLR
N698S:V707M,-2.870361328125,EnsembleMLLR
N698S:V707L,-2.6322265625,EnsembleMLLR
N698S:G709D,-12.01025390625,EnsembleMLLR
N698S:V707E,-10.63828125,EnsembleMLLR
N698S:M706V,0.6684692382812499,EnsembleMLLR
N698S:M706L,3.6114501953125,EnsembleMLLR
N698S:M706K,-8.148828125,EnsembleMLLR
N698S:M706I,1.398046875,EnsembleMLLR
N698S:L705P,-10.32825927734375,EnsembleMLLR
N698S:L705I,-3.0916687011718746,EnsembleMLLR
N698S:L705H,-13.365777587890625,EnsembleMLLR
N698S:V707A,-2.3014160156249996,EnsembleMLLR
N698S:G709C,-4.7185546875,EnsembleMLLR
N698S:G708V,-2.411962890625,EnsembleMLLR
N698S:G708S,-3.229248046875,EnsembleMLLR
N698K:K699Q,-3.80087890625,EnsembleMLLR
N698K:K699N,-4.77919921875,EnsembleMLLR
N698K:K699E,-7.144140625,EnsembleMLLR
N698K:I703T,-7.8365478515625,EnsembleMLLR
N698K:I702V,-3.2123779296875,EnsembleMLLR
N698K:G708C,-5.707421875,EnsembleMLLR
N698K:A701V,-2.2802734375,EnsembleMLLR
N698K:K699R,-2.08173828125,EnsembleMLLR
N698K,-2.69814453125,EnsembleMLLR
N698I:V711I,-6.1447509765625,EnsembleMLLR
N698I:V711G,-9.314892578125,EnsembleMLLR
N698I:V711D,-17.176123046875,EnsembleMLLR
N698I:V711A,-4.63212890625,EnsembleMLLR
N698I:V710L,-3.8853515625,EnsembleMLLR
N698I:V710I,-5.87236328125,EnsembleMLLR
N698I:V710D,-18.27958984375,EnsembleMLLR
N698I:V711L,-4.40712890625,EnsembleMLLR
N698I:V707M,-7.11875,EnsembleMLLR
N698K:L705H,-15.166647338867188,EnsembleMLLR
N698K:M706V,-0.10800781250000013,EnsembleMLLR
N698S:G708D,-12.23983154296875,EnsembleMLLR
N698S:G708C,-4.281982421875,EnsembleMLLR
N698S:G704R,-12.238671875,EnsembleMLLR
N698S:G704E,-12.484817504882812,EnsembleMLLR
N698S:G700D,-5.463134765625,EnsembleMLLR
N698S:G700C,-8.728759765625,EnsembleMLLR
N698S:A713V,-2.254296875,EnsembleMLLR
N698K:M706L,1.2891357421874998,EnsembleMLLR
N698S:A713T,-2.2275634765624996,EnsembleMLLR
N698S:A701V,-2.5851074218749996,EnsembleMLLR
N698S:A701T,-3.039794921875,EnsembleMLLR
N698S:A701S,-2.924658203125,EnsembleMLLR
N698S:A701G,-4.7438232421875,EnsembleMLLR
N698S,-0.503125,EnsembleMLLR
N698M,-3.09794921875,EnsembleMLLR
N698L,-2.951953125,EnsembleMLLR
N698S:A713S,-5.0063232421875,EnsembleMLLR
N698Y:V711D,-17.08701171875,EnsembleMLLR
N698D:V710I,-3.6626953125000004,EnsembleMLLR
N698D:V710F,-6.0248046875,EnsembleMLLR
N698Y:G700D,-8.096337890625,EnsembleMLLR
N698Y:G700S,-4.58955078125,EnsembleMLLR
N698Y:G704E,-16.36286849975586,EnsembleMLLR
N698Y:G704R,-15.726055908203126,EnsembleMLLR
N698Y:G704V,-12.268270492553711,EnsembleMLLR
N698Y:G708C,-6.9521240234375,EnsembleMLLR
N698Y:G708D,-15.433251953125001,EnsembleMLLR
N698Y:G708R,-14.699853515625,EnsembleMLLR
N698Y:G708S,-7.0685546875,EnsembleMLLR
N698Y:G708V,-5.71136474609375,EnsembleMLLR
N698Y:G709A,-5.06162109375,EnsembleMLLR
N698Y:G709D,-14.8878173828125,EnsembleMLLR
N698Y:G709R,-16.5990234375,EnsembleMLLR
N698Y:G709S,-7.4386474609375,EnsembleMLLR
N698Y:G709V,-6.2648193359375,EnsembleMLLR
N698Y:G700C,-12.795214843750001,EnsembleMLLR
N698Y:A713V,-5.3318359375,EnsembleMLLR
N698Y:A713T,-6.8976074218750005,EnsembleMLLR
N698Y:A713S,-8.06005859375,EnsembleMLLR
N698T:I702V,-0.9012207031249999,EnsembleMLLR
N698T:I712V,-0.45712890625,EnsembleMLLR
N698T:K699N,-4.14931640625,EnsembleMLLR
N698T:K699R,-0.63720703125,EnsembleMLLR
N698T:L705H,-14.2838623046875,EnsembleMLLR
N698T:M706K,-9.95625,EnsembleMLLR
N698T:V710I,-2.353125,EnsembleMLLR
N698Y:I702F,-7.60712890625,EnsembleMLLR
N698T:V711D,-14.235791015625,EnsembleMLLR
N698Y,-4.2609375,EnsembleMLLR
N698Y:A701E,-10.44990234375,EnsembleMLLR
N698Y:A701P,-6.6506591796875,EnsembleMLLR
N698Y:A701S,-6.8883544921875,EnsembleMLLR
N698Y:A701T,-6.991650390625001,EnsembleMLLR
N698Y:A701V,-4.754541015625,EnsembleMLLR
N698Y:A713E,-16.576708984375,EnsembleMLLR
N698V,-4.273876953125,EnsembleMLLR
N698Y:I702N,-12.31513671875,EnsembleMLLR
N698Y:I702T,-7.824609375,EnsembleMLLR
N698Y:I702V,-4.833203125000001,EnsembleMLLR
N698Y:L705V,-6.260601806640626,EnsembleMLLR
N698Y:M706I,-3.15361328125,EnsembleMLLR
N698Y:M706K,-12.26865234375,EnsembleMLLR
N698Y:M706L,-0.4949951171875,EnsembleMLLR
N698Y:M706T,-5.497363281249999,EnsembleMLLR
N698Y:M706V,-2.84287109375,EnsembleMLLR
N698Y:V707A,-6.082373046875,EnsembleMLLR
N698Y:L705R,-15.953045654296874,EnsembleMLLR
N698Y:V707E,-15.5024658203125,EnsembleMLLR
N698Y:V707M,-6.732470703125,EnsembleMLLR
N698Y:V710A,-3.82451171875,EnsembleMLLR
N698Y:V710D,-17.116259765625,EnsembleMLLR
N698Y:V710F,-6.405078125,EnsembleMLLR
N698Y:V710G,-7.4822998046875,EnsembleMLLR
N698Y:V710I,-4.3677734375,EnsembleMLLR
N698Y:V710L,-4.725732421875,EnsembleMLLR
N698Y:V707G,-7.76572265625,EnsembleMLLR
N698T:I702T,-4.72822265625,EnsembleMLLR
N698Y:L705P,-13.459722900390625,EnsembleMLLR
N698Y:L705H,-17.5724609375,EnsembleMLLR
N698Y:I703F,-8.2392578125,EnsembleMLLR
N698Y:I703M,-7.488525390625,EnsembleMLLR
N698Y:I703N,-15.915014648437499,EnsembleMLLR
N698Y:I703T,-9.65224609375,EnsembleMLLR
N698Y:I703V,-5.624658203125,EnsembleMLLR
N698Y:I712K,-15.369140625,EnsembleMLLR
N698Y:I712L,-1.6171875000000002,EnsembleMLLR
N698Y:L705I,-5.74197998046875,EnsembleMLLR
N698Y:I712M,-5.156787109374999,EnsembleMLLR
N698Y:I712V,-2.5622070312500003,EnsembleMLLR
N698Y:K699E,-8.076953125,EnsembleMLLR
N698Y:K699I,-6.10859375,EnsembleMLLR
N698Y:K699N,-6.6751953125,EnsembleMLLR
N698Y:K699R,-3.038720703125,EnsembleMLLR
N698Y:K699T,-4.648022460937501,EnsembleMLLR
N698Y:L705F,-8.2528076171875,EnsembleMLLR
N698Y:I712T,-6.7193359375,EnsembleMLLR
N698D:V710G,-5.95830078125,EnsembleMLLR
N698T:I702N,-9.186230468749999,EnsembleMLLR
N698T:G700C,-10.76044921875,EnsembleMLLR
N698D:K699N,-5.8709716796875,EnsembleMLLR
N698D:K699I,-6.19619140625,EnsembleMLLR
N698D:K699E,-7.3667968749999995,EnsembleMLLR
N698D:I712V,-2.571875,EnsembleMLLR
N698D:I712T,-5.80361328125,EnsembleMLLR
N698D:I712M,-4.41875,EnsembleMLLR
N698D:I712L,-2.11669921875,EnsembleMLLR
N698D:I712K,-15.17314453125,EnsembleMLLR
N698D:I703V,-5.5709716796875,EnsembleMLLR
N698D:I703T,-8.4925537109375,EnsembleMLLR
N698D:I703N,-15.0576171875,EnsembleMLLR
N698D:I703F,-8.5487060546875,EnsembleMLLR
N698D:I702V,-3.33115234375,EnsembleMLLR
N698D:I702T,-6.773242187499999,EnsembleMLLR
N698D:I702N,-10.6171875,EnsembleMLLR
N698D:K699Q,-4.8615234375,EnsembleMLLR
N698D:K699R,-2.8743164062499997,EnsembleMLLR
N698D:L705F,-7.715502929687499,EnsembleMLLR
N698D:L705H,-15.592724609375,EnsembleMLLR
N698D:V710D,-16.573046875,EnsembleMLLR
N698D:V710A,-4.13251953125,EnsembleMLLR
N698D:V707M,-6.34267578125,EnsembleMLLR
N698D:V707L,-5.207470703125,EnsembleMLLR
N698D:V707G,-7.538281250000001,EnsembleMLLR
N698D:V707E,-14.603369140625,EnsembleMLLR
N698D:V707A,-6.136181640625,EnsembleMLLR
N698D:I702M,-4.61923828125,EnsembleMLLR
N698D:M706V,-0.78642578125,EnsembleMLLR
N698D:M706L,1.03927001953125,EnsembleMLLR
N698D:M706K,-10.83349609375,EnsembleMLLR
N698D:M706I,-1.687890625,EnsembleMLLR
N698D:L705V,-5.5372802734375,EnsembleMLLR
N698D:L705R,-15.56177978515625,EnsembleMLLR
N698D:L705P,-12.16541748046875,EnsembleMLLR
N698D:L705I,-5.5408477783203125,EnsembleMLLR
N698D:M706T,-5.05595703125,EnsembleMLLR
N698D:I702F,-7.14150390625,EnsembleMLLR
N698D:G709V,-6.0486328125,EnsembleMLLR
N698D:G709S,-7.14013671875,EnsembleMLLR
N698D:A701T,-4.949853515625,EnsembleMLLR
N698D:A701S,-6.77265625,EnsembleMLLR
N698D:A701P,-5.3859375,EnsembleMLLR
N698D:A701G,-7.839599609375,EnsembleMLLR
N698D:A701E,-10.227685546875001,EnsembleMLLR
N698D,-3.475,EnsembleMLLR
N698C,-9.22978515625,EnsembleMLLR
N698D:A701V,-4.690966796875,EnsembleMLLR
N698A,-2.182763671875,EnsembleMLLR
N698S:V711I,-1.0666992187500002,EnsembleMLLR
N698T,-1.45712890625,EnsembleMLLR
N698T:A701T,-3.31591796875,EnsembleMLLR
N698T:A701V,-2.9439697265625,EnsembleMLLR
N698T:A713S,-6.026220703125,EnsembleMLLR
N698T:A713T,-3.63525390625,EnsembleMLLR
N698T:A713V,-2.9216796875,EnsembleMLLR
N698Y:V711I,-3.992578125,EnsembleMLLR
N698T:G709C,-4.5077392578125,EnsembleMLLR
N698D:A713E,-15.69462890625,EnsembleMLLR
N698D:A713T,-5.8877685546875,EnsembleMLLR
N698D:G709D,-14.71484375,EnsembleMLLR
N698D:G709C,-6.918164062500001,EnsembleMLLR
N698D:G708V,-4.592431640625,EnsembleMLLR
N698D:G708S,-6.3220703125,EnsembleMLLR
N698D:G708R,-14.1578857421875,EnsembleMLLR
N698D:G708D,-14.4232177734375,EnsembleMLLR
N698D:G708C,-6.474560546875001,EnsembleMLLR
N698D:A713S,-6.88291015625,EnsembleMLLR
N698D:G708A,-4.95054931640625,EnsembleMLLR
N698D:G704R,-15.44301071166992,EnsembleMLLR
N698D:G704E,-14.950050354003906,EnsembleMLLR
N698D:G700V,-7.617578125,EnsembleMLLR
N698D:G700S,-4.405224609375,EnsembleMLLR
N698D:G700D,-7.6859375,EnsembleMLLR
N698D:G700C,-13.3919921875,EnsembleMLLR
N698D:A713V,-3.70009765625,EnsembleMLLR
N698D:G704V,-12.043082809448244,EnsembleMLLR
N698Y:V711F,-6.310546875,EnsembleMLLR
K699R:I702T,-3.3891113281250003,EnsembleMLLR
K699R:G709C,-2.53447265625,EnsembleMLLR
K699N:G700D,-7.100732421875,EnsembleMLLR
K699N:G700C,-12.504541015625,EnsembleMLLR
K699N:G700A,-4.361865234375,EnsembleMLLR
K699N:A713V,-4.302685546875,EnsembleMLLR
K699N:A713T,-5.717333984374999,EnsembleMLLR
K699N:A713S,-6.587158203125,EnsembleMLLR
K699N:A713E,-15.427685546875,EnsembleMLLR
K699N:A701V,-4.047265625,EnsembleMLLR
K699N:A701T,-4.57080078125,EnsembleMLLR
K699N:A701S,-5.754052734375,EnsembleMLLR
K699N:A701E,-8.687939453125,EnsembleMLLR
K699N,-2.746484375,EnsembleMLLR
K699M,-2.5208984375,EnsembleMLLR
K699L,-3.00859375,EnsembleMLLR
K699I:V711I,-4.1671875,EnsembleMLLR
K699I:V711F,-5.92109375,EnsembleMLLR
K699I:V711D,-16.272070312500002,EnsembleMLLR
K699I:V711A,-3.1884765625,EnsembleMLLR
K699I:V710I,-4.949511718749999,EnsembleMLLR
K699I:V710F,-6.877148437500001,EnsembleMLLR
K699I:V710D,-15.886328124999999,EnsembleMLLR
K699I:V710A,-3.0748046875,EnsembleMLLR
K699I:V707M,-5.449902343750001,EnsembleMLLR
K699N:G700S,-5.3044189453125,EnsembleMLLR
K699I:V707L,-4.543359375,EnsembleMLLR
K699N:G700V,-6.721362304687499,EnsembleMLLR
K699N:G704R,-14.41317024230957,EnsembleMLLR
K699N:I712T,-5.6916015625,EnsembleMLLR
K699N:I712M,-4.20078125,EnsembleMLLR
K699N:I712L,-1.425634765625,EnsembleMLLR
K699N:I712K,-14.158984375000001,EnsembleMLLR
K699N:I703V,-3.761376953125,EnsembleMLLR
K699N:I703T,-7.233349609375001,EnsembleMLLR
K699N:I703N,-13.6529296875,EnsembleMLLR
K699N:I703F,-7.837158203125,EnsembleMLLR
K699N:I702V,-3.06708984375,EnsembleMLLR
K699N:I702T,-5.39951171875,EnsembleMLLR
K699N:I702N,-10.632031249999999,EnsembleMLLR
K699N:I702F,-6.24228515625,EnsembleMLLR
K699N:G709V,-6.311859130859375,EnsembleMLLR
K699N:G709S,-6.773297119140625,EnsembleMLLR
K699N:G709D,-13.38004150390625,EnsembleMLLR
K699N:G709C,-7.31954345703125,EnsembleMLLR
K699N:G708V,-5.00277099609375,EnsembleMLLR
K699N:G708S,-6.6022705078125,EnsembleMLLR
K699N:G708R,-13.3997802734375,EnsembleMLLR
K699N:G708D,-14.225976562500001,EnsembleMLLR
K699N:G708C,-6.408642578125001,EnsembleMLLR
K699N:G708A,-2.86982421875,EnsembleMLLR
K699N:G704V,-10.683885192871095,EnsembleMLLR
K699N:G704E,-14.784514617919923,EnsembleMLLR
K699N:I712V,-1.7200195312499997,EnsembleMLLR
K699I:V707E,-14.857421875,EnsembleMLLR
K699I:M706V,-1.42421875,EnsembleMLLR
K699I:G709A,-4.121411132812501,EnsembleMLLR
K699I:G708V,-3.8945556640625,EnsembleMLLR
K699I:G708S,-7.70855712890625,EnsembleMLLR
K699I:G708R,-13.8623046875,EnsembleMLLR
K699I:G708D,-15.3721923828125,EnsembleMLLR
K699I:G708C,-7.0195068359375,EnsembleMLLR
K699I:G704R,-16.027899169921874,EnsembleMLLR
K699I:G704E,-16.414292907714845,EnsembleMLLR
K699I:G700S,-4.5146728515625,EnsembleMLLR
K699I:G700D,-8.34443359375,EnsembleMLLR
K699I:G700C,-12.4994384765625,EnsembleMLLR
K699I:G700A,-5.2693115234375,EnsembleMLLR
K699I:A713V,-4.756591796875,EnsembleMLLR
K699I:A713T,-5.0029296875,EnsembleMLLR
K699I:A713S,-8.4628662109375,EnsembleMLLR
K699I:A713E,-15.2286865234375,EnsembleMLLR
K699I:A701V,-3.68974609375,EnsembleMLLR
K699I:A701T,-4.933984375,EnsembleMLLR
K699I:A701S,-6.632373046875,EnsembleMLLR
K699I:A701P,-5.104541015625,EnsembleMLLR
K699I:A701G,-6.7265625,EnsembleMLLR
K699I:A701E,-10.191259765625,EnsembleMLLR
K699I,-2.4623046875,EnsembleMLLR
K699I:G709C,-7.118798828125,EnsembleMLLR
K699I:V707A,-5.284765625,EnsembleMLLR
K699I:G709D,-15.813134765625,EnsembleMLLR
K699I:G709V,-5.7487548828125,EnsembleMLLR
K699I:M706T,-5.0484375,EnsembleMLLR
K699I:M706L,1.5597412109375002,EnsembleMLLR
K699I:M706K,-10.5220703125,EnsembleMLLR
K699I:M706I,-1.6214843749999999,EnsembleMLLR
K699I:L705V,-5.36256103515625,EnsembleMLLR
K699I:L705P,-12.04703369140625,EnsembleMLLR
K699I:L705I,-4.52108154296875,EnsembleMLLR
K699I:L705H,-14.6385498046875,EnsembleMLLR
K699I:L705F,-7.565692138671875,EnsembleMLLR
K699I:I712V,-2.3350585937500004,EnsembleMLLR
K699I:I712T,-5.608593750000001,EnsembleMLLR
K699I:I712M,-4.258203125,EnsembleMLLR
K699I:I712L,-1.3624999999999998,EnsembleMLLR
K699I:I712K,-14.35078125,EnsembleMLLR
K699I:I703V,-4.9765380859375,EnsembleMLLR
K699I:I703T,-6.980517578124999,EnsembleMLLR
K699I:I703N,-14.467041015625,EnsembleMLLR
K699I:I703F,-8.6890869140625,EnsembleMLLR
K699I:I702V,-3.865234375,EnsembleMLLR
K699I:I702T,-7.013720703124999,EnsembleMLLR
K699I:I702S,-9.186425781250001,EnsembleMLLR
K699I:I702N,-11.18310546875,EnsembleMLLR
K699I:I702F,-7.698291015624999,EnsembleMLLR
K699I:G709S,-6.401074218750001,EnsembleMLLR
K699N:L705F,-6.9441650390625,EnsembleMLLR
K699N:L705H,-14.739776611328125,EnsembleMLLR
K699N:L705I,-4.10428466796875,EnsembleMLLR
K699R:I702M,-1.7619140625,EnsembleMLLR
K699R:I702N,-7.873535156250001,EnsembleMLLR
K699R:I702V,-0.22636718749999996,EnsembleMLLR
K699R:I703F,-5.5358520507812505,EnsembleMLLR
K699R:I703N,-11.3377197265625,EnsembleMLLR
K699R:I703T,-4.98369140625,EnsembleMLLR
K699R:I703V,-0.32109374999999996,EnsembleMLLR
K699R:I712K,-10.282421874999999,EnsembleMLLR
K699R:I712L,2.508984375,EnsembleMLLR
K699R:I712M,0.034472656249999956,EnsembleMLLR
K699R:I712R,-10.719970703125,EnsembleMLLR
K699R:I712T,-2.4802734374999997,EnsembleMLLR
K699R:I712V,1.6021484375,EnsembleMLLR
K699R:L705F,-4.578955078125,EnsembleMLLR
K699R:L705H,-12.511297607421875,EnsembleMLLR
K699R:L705I,-1.8897125244140625,EnsembleMLLR
K699R:L705P,-8.84368896484375,EnsembleMLLR
K699R:L705V,-1.7218994140625001,EnsembleMLLR
K699R:M706I,2.0353515625,EnsembleMLLR
K699R:M706K,-7.413574218749999,EnsembleMLLR
K699R:M706L,5.122613525390625,EnsembleMLLR
K699R:M706T,-1.951123046875,EnsembleMLLR
K699R:M706V,1.91796875,EnsembleMLLR
K699R:I702F,-3.429296875,EnsembleMLLR
K699R:V707A,-0.5868164062499999,EnsembleMLLR
K699R:G709S,-2.6688720703125,EnsembleMLLR
K699Q:L705H,-14.46173095703125,EnsembleMLLR
K699R:A701E,-5.6179443359375005,EnsembleMLLR
K699R:A701P,-1.380126953125,EnsembleMLLR
K699R:A701S,-2.1251342773437503,EnsembleMLLR
K699R:A701T,-1.5973632812499998,EnsembleMLLR
K699R:A701V,-0.8721435546875,EnsembleMLLR
K699R:A713E,-11.938232421875,EnsembleMLLR
K699R:A713G,-2.80712890625,EnsembleMLLR
K699R:A713S,-3.0362304687500004,EnsembleMLLR
K699R:A713T,-2.629736328125,EnsembleMLLR
K699R:A713V,-1.65159912109375,EnsembleMLLR
K699R:G700A,-0.7355468749999999,EnsembleMLLR
K699R:G700C,-8.2775390625,EnsembleMLLR
K699R:G700D,-4.4369140625,EnsembleMLLR
K699R:G700S,-0.9183105468750001,EnsembleMLLR
K699R:G700V,-3.9924560546875,EnsembleMLLR
K699R:G704E,-12.218844604492189,EnsembleMLLR
K699R:G704R,-11.774941062927246,EnsembleMLLR
K699R:G704V,-7.720386123657227,EnsembleMLLR
K699R:G708C,-3.0914062500000004,EnsembleMLLR
K699R:G708D,-10.92744140625,EnsembleMLLR
K699R:G708R,-10.7177490234375,EnsembleMLLR
K699R:G708S,-2.436865234375,EnsembleMLLR
K699R:G708V,-1.6720214843749999,EnsembleMLLR
K699R:G709D,-10.652294921875,EnsembleMLLR
K699R:V707E,-10.924609375000001,EnsembleMLLR
K699R:V707G,-4.51044921875,EnsembleMLLR
K699R:V707L,-1.1488525390625,EnsembleMLLR
K699Q:A713V,-2.685498046875,EnsembleMLLR
K699Q:A701T,-2.894189453125,EnsembleMLLR
K699Q:A701S,-4.486083984375,EnsembleMLLR
K699Q,-1.4150390625,EnsembleMLLR
K699N:V711L,-3.1908203125,EnsembleMLLR
K699N:V711I,-3.734765625,EnsembleMLLR
K699N:V711D,-15.9763671875,EnsembleMLLR
K699N:V711A,-2.4205078125,EnsembleMLLR
K699N:V710I,-3.37548828125,EnsembleMLLR
K699N:V710G,-5.41376953125,EnsembleMLLR
K699N:V710D,-15.8484375,EnsembleMLLR
K699N:V710A,-3.54248046875,EnsembleMLLR
K699N:V707M,-6.424951171875,EnsembleMLLR
K699N:V707G,-8.119970703124999,EnsembleMLLR
K699N:V707E,-14.987573242187501,EnsembleMLLR
K699N:V707A,-4.24365234375,EnsembleMLLR
K699N:M706V,-0.9937499999999999,EnsembleMLLR
K699N:M706T,-3.88974609375,EnsembleMLLR
K699N:M706L,0.3612060546875,EnsembleMLLR
K699N:M706K,-11.0318359375,EnsembleMLLR
K699N:M706I,-1.682421875,EnsembleMLLR
K699N:L705V,-5.223797607421875,EnsembleMLLR
K699N:L705P,-12.810443115234374,EnsembleMLLR
K699Q:G700C,-12.1591796875,EnsembleMLLR
K699Q:G708C,-6.2816162109375,EnsembleMLLR
K699Q:I712L,-0.5443359374999999,EnsembleMLLR
K699Q:I712V,-0.5,EnsembleMLLR
K699R:V707M,-2.6239746093750003,EnsembleMLLR
K699R:V710A,0.28686523437499994,EnsembleMLLR
K699R:V710D,-11.807910156250001,EnsembleMLLR
K699R:V710F,-2.48583984375,EnsembleMLLR
K699R:V710I,-0.06586914062500004,EnsembleMLLR
K699R:V710L,-0.673828125,EnsembleMLLR
K699R:V711A,0.29599609375,EnsembleMLLR
K699R:V711D,-12.878515625,EnsembleMLLR
K699R:V711F,-1.299609375,EnsembleMLLR
K699R:V711G,-2.511083984375,EnsembleMLLR
K699R:V711I,-0.29094238281250007,EnsembleMLLR
K699H,-2.2791015625,EnsembleMLLR
K699R:V711L,0.6922851562500001,EnsembleMLLR
K699T,-0.09091796875,EnsembleMLLR
K699T:G700V,-4.5529296875,EnsembleMLLR
K699T:G708C,-4.4048828125,EnsembleMLLR
K699T:G709C,-4.2345703125,EnsembleMLLR
K699T:G709S,-3.6177978515625,EnsembleMLLR
K699T:I712L,0.8194824218750001,EnsembleMLLR
K699T:M706I,0.7349609375000001,EnsembleMLLR
K699T:V707E,-12.747998046874999,EnsembleMLLR
K699T:V710D,-14.00595703125,EnsembleMLLR
K699V,-2.1578125,EnsembleMLLR
K699Y,-3.5556640625,EnsembleMLLR
K699S,-1.0970703125,EnsembleMLLR
K699R,0.50830078125,EnsembleMLLR
K699G,-3.5560546875,EnsembleMLLR
K699E:V711D,-17.243945312500003,EnsembleMLLR
K699E:I702V,-5.2681640625,EnsembleMLLR
K699E:I703F,-10.16328125,EnsembleMLLR
K699E:I703N,-17.63973388671875,EnsembleMLLR
K699E:I703T,-9.2234375,EnsembleMLLR
K699E:I703V,-6.0754150390625,EnsembleMLLR
K699E:I712K,-15.55859375,EnsembleMLLR
K699E:I712L,-3.6849609375,EnsembleMLLR
K699E:I712M,-5.5796875,EnsembleMLLR
K699E:I712T,-7.427539062499999,EnsembleMLLR
K699E:I712V,-3.3570312500000004,EnsembleMLLR
K699E:I702T,-7.9791015625,EnsembleMLLR
K699E:L705F,-9.911090087890624,EnsembleMLLR
K699E:L705I,-7.9367828369140625,EnsembleMLLR
K699E:L705P,-13.8677490234375,EnsembleMLLR
K699E:L705V,-7.449755859375,EnsembleMLLR
K699E:M706I,-3.2400390624999997,EnsembleMLLR
K699E:M706K,-12.933007812500001,EnsembleMLLR
K699E:M706L,-2.09130859375,EnsembleMLLR
K699E:M706T,-6.331835937499999,EnsembleMLLR
K699E:M706V,-2.97314453125,EnsembleMLLR
K699E:V707A,-6.82841796875,EnsembleMLLR
K699E:V707E,-15.90810546875,EnsembleMLLR
K699E:L705H,-17.57440185546875,EnsembleMLLR
K699E:I702N,-12.41923828125,EnsembleMLLR
K699E:I702L,-6.26689453125,EnsembleMLLR
K699E:I702F,-8.8419921875,EnsembleMLLR
K699D,-6.2869140625,EnsembleMLLR
K699E,-4.8861328125,EnsembleMLLR
K699E:A701E,-11.427685546875,EnsembleMLLR
K699E:A701G,-8.894189453125001,EnsembleMLLR
K699E:A701S,-7.554736328125,EnsembleMLLR
K699E:A701T,-6.144726562500001,EnsembleMLLR
K699E:A701V,-5.1102050781249995,EnsembleMLLR
K699E:A713G,-8.356396484375,EnsembleMLLR
K699E:A713S,-8.51796875,EnsembleMLLR
K699E:A713T,-7.012109375,EnsembleMLLR
K699E:A713V,-5.91513671875,EnsembleMLLR
K699E:G700C,-14.579345703125,EnsembleMLLR
K699E:G700D,-9.191748046875,EnsembleMLLR
K699E:G700S,-6.0681884765625,EnsembleMLLR
K699E:G704E,-17.397474670410155,EnsembleMLLR
K699E:G704R,-17.447207641601562,EnsembleMLLR
K699E:G704V,-13.66796417236328,EnsembleMLLR
K699E:G708C,-8.717529296875,EnsembleMLLR
K699E:G708D,-16.4505615234375,EnsembleMLLR
K699E:G708S,-8.5583984375,EnsembleMLLR
K699E:G709C,-9.1668212890625,EnsembleMLLR
K699E:G709D,-16.0501953125,EnsembleMLLR
K699E:G709S,-7.692089843750001,EnsembleMLLR
K699E:V707L,-5.722802734375,EnsembleMLLR
K699E:V711I,-5.43046875,EnsembleMLLR
K699Q:M706L,1.5968994140625001,EnsembleMLLR
K699E:V711A,-4.0313476562499995,EnsembleMLLR
K699E:V710I,-6.472460937499999,EnsembleMLLR
K699E:V710D,-17.37646484375,EnsembleMLLR
K699E:V710A,-5.512402343750001,EnsembleMLLR
K699E:V707M,-8.11279296875,EnsembleMLLR
G700R,-5.675439453125,EnsembleMLLR
G700A:V711D,-14.7171630859375,EnsembleMLLR
G700A:V710A,-1.8287109375,EnsembleMLLR
G700A:V707A,-4.05654296875,EnsembleMLLR
G700A:M706L,2.0953002929687496,EnsembleMLLR
G700A:L705H,-13.718231201171875,EnsembleMLLR
G700A:I703V,-2.4441162109375,EnsembleMLLR
G700A:G708S,-4.2812744140625,EnsembleMLLR
G700R:I702N,-14.0107421875,EnsembleMLLR
G700R:I702F,-8.57685546875,EnsembleMLLR
G700A:V711I,-2.3935791015625,EnsembleMLLR
G700R:I703N,-16.605712890625,EnsembleMLLR
G700S,-2.1326904296875,EnsembleMLLR
G700S:A701G,-6.3265625,EnsembleMLLR
G700S:A701T,-4.13515625,EnsembleMLLR
G700S:A701V,-4.4470458984375,EnsembleMLLR
G700A,-1.1201904296875,EnsembleMLLR
G700C,-10.224267578125,EnsembleMLLR
G700C:A701T,-11.178356933593749,EnsembleMLLR
G700C:A701P,-11.6441650390625,EnsembleMLLR
G700C:G709D,-20.768243408203126,EnsembleMLLR
G700C:G709C,-13.3040283203125,EnsembleMLLR
G700C:G708V,-11.757489013671874,EnsembleMLLR
G700C:G708S,-13.28802490234375,EnsembleMLLR
G700C:G708D,-21.56064453125,EnsembleMLLR
G700C:G708C,-14.0333251953125,EnsembleMLLR
G700C:G704V,-19.119598388671875,EnsembleMLLR
G700C:G704R,-21.172352600097657,EnsembleMLLR
G700C:G704E,-21.41325454711914,EnsembleMLLR
G700C:A713V,-11.2361572265625,EnsembleMLLR
G700C:A713T,-12.470556640625,EnsembleMLLR
G700C:A713S,-14.319287109375,EnsembleMLLR
G700C:A713E,-22.460986328125,EnsembleMLLR
G700C:A701V,-11.695556640625,EnsembleMLLR
G700S:A713T,-4.4180419921875,EnsembleMLLR
G700C:A701E,-16.659130859375,EnsembleMLLR
G700S:A713V,-4.1553955078125,EnsembleMLLR
G700S:G709C,-5.5864013671875,EnsembleMLLR
G700S:G708S,-4.3974365234375,EnsembleMLLR
G700V,-3.1701171875,EnsembleMLLR
G700V:A713G,-6.542041015624999,EnsembleMLLR
G700V:G709C,-8.508142089843751,EnsembleMLLR
G700V:I702N,-11.800878906249999,EnsembleMLLR
G700V:I702V,-4.17060546875,EnsembleMLLR
G700V:I703T,-9.1703369140625,EnsembleMLLR
G700V:I703V,-5.7621826171875,EnsembleMLLR
G700V:I712K,-16.19049072265625,EnsembleMLLR
G700V:I712L,-3.008251953125,EnsembleMLLR
G700V:L705H,-15.855017089843749,EnsembleMLLR
G700V:M706V,-2.5415527343749997,EnsembleMLLR
G700V:V707E,-14.7283203125,EnsembleMLLR
G700V:V710D,-17.4108154296875,EnsembleMLLR
G700V:V711D,-16.855859375,EnsembleMLLR
G700Y,-4.984130859375,EnsembleMLLR
G700S:V711I,-2.5060546875,EnsembleMLLR
G700S:G708C,-5.285791015625,EnsembleMLLR
G700S:V711D,-15.193652343750001,EnsembleMLLR
G700S:V707M,-3.978564453125,EnsembleMLLR
G700C:G709R,-21.830859375,EnsembleMLLR
G700S:G709D,-14.1773681640625,EnsembleMLLR
G700S:G709S,-4.464501953125,EnsembleMLLR
G700S:I702F,-4.973876953125,EnsembleMLLR
G700S:I702V,-2.0782226562500004,EnsembleMLLR
G700S:I703N,-12.767773437499999,EnsembleMLLR
G700S:I703T,-5.888037109375,EnsembleMLLR
G700S:I712L,-0.5033935546875001,EnsembleMLLR
G700S:I712M,-3.1196533203125,EnsembleMLLR
G700S:I712V,-0.7972167968749999,EnsembleMLLR
G700S:L705H,-14.07998046875,EnsembleMLLR
G700S:M706L,2.337646484375,EnsembleMLLR
G700S:M706T,-4.5327392578125,EnsembleMLLR
G700S:M706V,-0.3749023437500001,EnsembleMLLR
G700S:V707E,-12.809130859375001,EnsembleMLLR
G700S:V710D,-15.284741210937499,EnsembleMLLR
G700R:G708C,-9.743212890625,EnsembleMLLR
G700C:G709S,-13.1741943359375,EnsembleMLLR
G700C:I702N,-18.488037109375,EnsembleMLLR
G700D:I712T,-7.7698974609375,EnsembleMLLR
G700D:I712M,-6.064892578125,EnsembleMLLR
G700D:I712L,-3.290625,EnsembleMLLR
G700D:I712K,-16.6882080078125,EnsembleMLLR
G700D:I703V,-6.4580810546875,EnsembleMLLR
G700D:I703T,-10.028076171875,EnsembleMLLR
G700D:I703N,-16.7557861328125,EnsembleMLLR
G700D:I712V,-4.110693359375,EnsembleMLLR
G700D:I703F,-9.667724609375,EnsembleMLLR
G700D:I702T,-8.0563720703125,EnsembleMLLR
G700D:I702N,-12.919458007812501,EnsembleMLLR
G700D:I702F,-8.8303955078125,EnsembleMLLR
G700D:G709S,-7.6657958984375,EnsembleMLLR
G700D:G709D,-16.164135742187497,EnsembleMLLR
G700D:G709C,-8.139697265625,EnsembleMLLR
G700D:G708V,-7.728894042968751,EnsembleMLLR
G700D:I702V,-5.2389160156250005,EnsembleMLLR
G700D:L705F,-9.1383056640625,EnsembleMLLR
G700D:L705H,-17.0763671875,EnsembleMLLR
G700D:L705I,-7.036962890625,EnsembleMLLR
G700N,-3.4322265625,EnsembleMLLR
G700E,-5.0795166015625,EnsembleMLLR
G700D:V711I,-6.239453125,EnsembleMLLR
G700D:V711F,-7.84052734375,EnsembleMLLR
G700D:V711D,-17.8697265625,EnsembleMLLR
G700D:V711A,-4.4594970703125005,EnsembleMLLR
G700D:V710I,-6.385693359375,EnsembleMLLR
G700D:V710D,-17.18349609375,EnsembleMLLR
G700D:V710A,-5.0494140624999995,EnsembleMLLR
G700D:V707M,-7.262646484375001,EnsembleMLLR
G700D:V707E,-15.330419921875,EnsembleMLLR
G700D:V707A,-6.2820800781249995,EnsembleMLLR
G700D:M706V,-3.2747558593749995,EnsembleMLLR
G700D:M706L,-0.8260009765624998,EnsembleMLLR
G700D:M706K,-13.657373046875,EnsembleMLLR
G700D:M706I,-3.528759765625,EnsembleMLLR
G700D:L705P,-13.524209594726562,EnsembleMLLR
G700D:G708C,-10.12261962890625,EnsembleMLLR
G700C:I702F,-13.5639404296875,EnsembleMLLR
G700D:G704R,-16.339344787597657,EnsembleMLLR
G700D:A713V,-6.210400390625001,EnsembleMLLR
G700C:L705R,-22.37078857421875,EnsembleMLLR
G700C:L705P,-18.561260986328122,EnsembleMLLR
G700C:L705I,-12.399658203125,EnsembleMLLR
G700C:L705H,-21.428271484375003,EnsembleMLLR
G700C:L705F,-14.54217529296875,EnsembleMLLR
G700C:I712V,-9.281982421875,EnsembleMLLR
G700C:I712T,-11.843408203125001,EnsembleMLLR
G700C:M706I,-8.219140625000001,EnsembleMLLR
G700C:I712M,-11.046337890624999,EnsembleMLLR
G700C:I712K,-20.5287109375,EnsembleMLLR
G700C:I703V,-11.1705322265625,EnsembleMLLR
G700C:I703T,-14.939208984375,EnsembleMLLR
G700C:I703N,-22.37418212890625,EnsembleMLLR
G700C:I703F,-15.8715576171875,EnsembleMLLR
G700C:I702V,-9.60751953125,EnsembleMLLR
G700C:I702T,-13.608984374999999,EnsembleMLLR
G700C:I712L,-8.36859130859375,EnsembleMLLR
G700D:G704E,-17.015805053710938,EnsembleMLLR
G700C:M706K,-17.650097656249997,EnsembleMLLR
G700C:M706T,-12.1364013671875,EnsembleMLLR
G700D:A713T,-7.387499999999999,EnsembleMLLR
G700D:A713S,-9.6173828125,EnsembleMLLR
G700D:A701V,-6.522900390625,EnsembleMLLR
G700D:A701T,-6.444580078125,EnsembleMLLR
G700D,-4.5294921875,EnsembleMLLR
G700C:V711I,-11.1137939453125,EnsembleMLLR
G700C:V711D,-23.10595703125,EnsembleMLLR
G700C:M706L,-6.038940429687499,EnsembleMLLR
G700C:V711A,-9.30469970703125,EnsembleMLLR
G700C:V710G,-13.273339843750001,EnsembleMLLR
G700C:V710D,-23.0553466796875,EnsembleMLLR
G700C:V710A,-10.037402343750001,EnsembleMLLR
G700R:G709C,-9.0373291015625,EnsembleMLLR
G700C:V707L,-10.243896484375,EnsembleMLLR
G700C:V707E,-21.1486572265625,EnsembleMLLR
G700C:V707A,-11.658447265625,EnsembleMLLR
G700C:M706V,-9.5761962890625,EnsembleMLLR
G700C:V710I,-10.674267578125,EnsembleMLLR
G700C:V707M,-13.576464843750001,EnsembleMLLR
A701D,-8.1109375,EnsembleMLLR
A701E,-7.117822265625,EnsembleMLLR
A701E:G708S,-9.96728515625,EnsembleMLLR
A701V:L705P,-10.641552734375,EnsembleMLLR
A701V:L705R,-13.076202392578125,EnsembleMLLR
A701V:M706I,-0.3054687500000002,EnsembleMLLR
A701V:M706K,-10.34609375,EnsembleMLLR
A701V:M706L,1.7338378906249998,EnsembleMLLR
A701V:M706T,-4.167529296875,EnsembleMLLR
A701V:M706V,-0.472900390625,EnsembleMLLR
A701V:V707A,-3.818798828125,EnsembleMLLR
A701V:V707E,-13.8544921875,EnsembleMLLR
A701V:L705I,-3.67685546875,EnsembleMLLR
A701V:V707L,-2.268896484375,EnsembleMLLR
A701V:V710A,-1.78583984375,EnsembleMLLR
A701V:V710D,-14.402050781249999,EnsembleMLLR
A701V:V710I,-3.28271484375,EnsembleMLLR
A701V:V710L,-2.113427734375,EnsembleMLLR
A701V:V711A,-1.3242675781250002,EnsembleMLLR
A701V:V711D,-14.204736328125,EnsembleMLLR
A701V:V711F,-4.2027099609375,EnsembleMLLR
A701V:V711L,-1.19384765625,EnsembleMLLR
A701P:G709C,-6.4603515625,EnsembleMLLR
A701V:V707M,-4.509814453125,EnsembleMLLR
A701V:L705H,-15.10201416015625,EnsembleMLLR
A701V:L705F,-5.99842529296875,EnsembleMLLR
A701V:I712V,-1.11982421875,EnsembleMLLR
A701V:G708C,-5.005078125,EnsembleMLLR
A701V:G708D,-12.873852539062499,EnsembleMLLR
A701V:G708S,-5.311090087890625,EnsembleMLLR
A701V:G708V,-3.6481689453125004,EnsembleMLLR
A701V:G709C,-6.8385864257812505,EnsembleMLLR
A701V:G709D,-12.929760742187499,EnsembleMLLR
A701V:G709R,-14.742919921875,EnsembleMLLR
A701V:G709S,-4.16533203125,EnsembleMLLR
A701V:I702F,-5.80419921875,EnsembleMLLR
A701V:I702N,-9.503466796875001,EnsembleMLLR
A701V:I702T,-4.762646484375,EnsembleMLLR
A701V:I702V,-1.9091308593749998,EnsembleMLLR
A701V:I703F,-7.0074951171875,EnsembleMLLR
A701V:I703L,-4.374365234375,EnsembleMLLR
A701V:I703N,-14.019360351562499,EnsembleMLLR
A701V:I703T,-6.3179931640625,EnsembleMLLR
A701V:I703V,-2.7732421875,EnsembleMLLR
A701V:I712K,-12.554736328125,EnsembleMLLR
A701V:I712L,-0.057080078125000044,EnsembleMLLR
A701V:I712M,-2.8260742187499996,EnsembleMLLR
A701V:I712T,-5.10244140625,EnsembleMLLR
A701P:G708D,-14.197167968750001,EnsembleMLLR
A701V:G704R,-13.579408645629883,EnsembleMLLR
A701P:G708C,-6.4591552734375,EnsembleMLLR
A701L,-2.71982421875,EnsembleMLLR
A701E:V710I,-7.17021484375,EnsembleMLLR
A701E:V707M,-9.540429687500001,EnsembleMLLR
A701E:V707E,-18.305126953124997,EnsembleMLLR
A701E:V707A,-8.548193359375,EnsembleMLLR
A701E:M706V,-5.229296875,EnsembleMLLR
A701E:M706K,-14.948095703125,EnsembleMLLR
A701E:L705H,-19.4821533203125,EnsembleMLLR
A701E:I712V,-6.2125,EnsembleMLLR
A701E:I712M,-7.3697265625,EnsembleMLLR
A701E:V711D,-19.198193359375,EnsembleMLLR
A701E:I712L,-5.6423828125,EnsembleMLLR
A701E:I702V,-7.189013671874999,EnsembleMLLR
A701E:I702T,-9.0021484375,EnsembleMLLR
A701E:I702F,-10.593701171875,EnsembleMLLR
A701E:G709D,-18.02237548828125,EnsembleMLLR
A701E:G709C,-10.13372802734375,EnsembleMLLR
A701E:G708C,-11.275559997558595,EnsembleMLLR
A701E:G704R,-18.795003509521486,EnsembleMLLR
A701E:A713V,-7.852124023437501,EnsembleMLLR
A701E:A713S,-10.7072998046875,EnsembleMLLR
A701E:I703V,-8.41685791015625,EnsembleMLLR
A701E:V711I,-6.602880859375,EnsembleMLLR
A701G,-4.4646484375,EnsembleMLLR
A701G:G708C,-7.597216796874999,EnsembleMLLR
A701I,-1.39228515625,EnsembleMLLR
A701G:V711D,-17.65362548828125,EnsembleMLLR
A701G:V710D,-17.302294921875,EnsembleMLLR
A701G:V707E,-15.430224609375,EnsembleMLLR
A701G:M706V,-2.8236328125,EnsembleMLLR
A701G:M706T,-6.41884765625,EnsembleMLLR
A701G:M706L,0.16708984375000036,EnsembleMLLR
A701G:M706K,-12.872314453125,EnsembleMLLR
A701G:M706I,-2.8084228515625003,EnsembleMLLR
A701G:L705P,-13.74603271484375,EnsembleMLLR
A701G:L705H,-16.4608154296875,EnsembleMLLR
A701G:I712T,-6.157031249999999,EnsembleMLLR
A701G:I712M,-4.66787109375,EnsembleMLLR
A701G:I712L,-1.5776855468750002,EnsembleMLLR
A701G:I712K,-15.453369140625,EnsembleMLLR
A701G:I703V,-5.0372802734375,EnsembleMLLR
A701G:I703T,-8.593994140625,EnsembleMLLR
A701G:I702V,-4.197607421875,EnsembleMLLR
A701G:I702N,-11.857861328125,EnsembleMLLR
A701G:G709S,-7.37908935546875,EnsembleMLLR
A701G:G709C,-6.580908203125,EnsembleMLLR
A701P,-2.188818359375,EnsembleMLLR
A701V:G704E,-13.148623657226564,EnsembleMLLR
A701V:V711I,-2.1673828125,EnsembleMLLR
A701V:A713T,-5.2804443359375,EnsembleMLLR
A701S:I712K,-14.249609375,EnsembleMLLR
A701S:I712L,-1.0453124999999999,EnsembleMLLR
A701S:I712T,-6.404589843749999,EnsembleMLLR
A701S:I712V,-1.835595703125,EnsembleMLLR
A701S:L705F,-7.19434814453125,EnsembleMLLR
A701S:L705H,-15.4762451171875,EnsembleMLLR
A701S:L705I,-4.657965087890625,EnsembleMLLR
A701S:M706I,-1.2707519531249998,EnsembleMLLR
A701S:M706V,-0.6728515624999998,EnsembleMLLR
A701S:I703V,-4.1552978515625,EnsembleMLLR
A701S:V707A,-4.152050781250001,EnsembleMLLR
A701S:V710I,-4.398046875,EnsembleMLLR
A701S:V711A,-2.470556640625,EnsembleMLLR
A701S:V711D,-15.2295166015625,EnsembleMLLR
A701S:V711I,-3.02744140625,EnsembleMLLR
A701T,-1.691796875,EnsembleMLLR
A701T:A713E,-14.3555419921875,EnsembleMLLR
A701T:A713S,-6.45179443359375,EnsembleMLLR
A701T:A713T,-4.124609375,EnsembleMLLR
A701T:A713V,-2.96220703125,EnsembleMLLR
A701S:V710D,-15.347998046875,EnsembleMLLR
A701S:I703T,-8.34395751953125,EnsembleMLLR
A701S:I702V,-3.25791015625,EnsembleMLLR
A701S:I702N,-11.81630859375,EnsembleMLLR
A701P:G709D,-12.783056640625,EnsembleMLLR
A701P:I702F,-6.040283203125,EnsembleMLLR
A701P:I702T,-4.412646484375,EnsembleMLLR
A701V:A713V,-2.8387695312499996,EnsembleMLLR
A701P:I712L,-0.83232421875,EnsembleMLLR
A701P:I712V,-1.39755859375,EnsembleMLLR
A701P:L705P,-11.743045043945312,EnsembleMLLR
A701P:M706L,1.7784667968750005,EnsembleMLLR
A701P:V707A,-4.072070312499999,EnsembleMLLR
A701P:V707M,-5.288232421875,EnsembleMLLR
A701P:V710I,-3.1169921875,EnsembleMLLR
A701P:V711A,-2.473291015625,EnsembleMLLR
A701S,-2.98818359375,EnsembleMLLR
A701S:A713S,-7.17001953125,EnsembleMLLR
A701S:A713T,-4.647265625,EnsembleMLLR
A701S:A713V,-4.646240234375,EnsembleMLLR
A701S:G708C,-6.7197265625,EnsembleMLLR
A701S:G708D,-13.88583984375,EnsembleMLLR
A701S:G709C,-6.895654296875,EnsembleMLLR
A701S:G709S,-5.424023437500001,EnsembleMLLR
A701S:I702F,-6.272167968750001,EnsembleMLLR
A701T:G704E,-13.536876678466797,EnsembleMLLR
A701T:G704R,-14.206700134277344,EnsembleMLLR
A701P:I703T,-7.7346923828125,EnsembleMLLR
A701T:G708C,-5.9200195312499995,EnsembleMLLR
A701T:L705V,-5.525628662109375,EnsembleMLLR
A701T:M706I,-0.883349609375,EnsembleMLLR
A701T:M706K,-10.948193359375,EnsembleMLLR
A701T:M706L,1.81851806640625,EnsembleMLLR
A701T:M706T,-4.265380859375,EnsembleMLLR
A701T:M706V,-0.5980468750000001,EnsembleMLLR
A701T:V707A,-4.2843994140625,EnsembleMLLR
A701T:V707E,-12.924951171875,EnsembleMLLR
A701T:V707L,-2.751904296875,EnsembleMLLR
A701T:V707M,-4.869677734375,EnsembleMLLR
A701T:V710A,-1.986279296875,EnsembleMLLR
A701T:V710D,-15.440673828125,EnsembleMLLR
A701T:V710G,-4.42294921875,EnsembleMLLR
A701T:V710I,-3.107080078125,EnsembleMLLR
A701T:V711A,-0.5880371093750001,EnsembleMLLR
A701T:V711D,-14.762646484375,EnsembleMLLR
A701T:V711G,-6.3067626953125,EnsembleMLLR
A701T:V711I,-3.328564453125,EnsembleMLLR
A701V:A713E,-14.71552734375,EnsembleMLLR
A701T:G704V,-9.868110656738281,EnsembleMLLR
A701V:A713S,-5.993017578125,EnsembleMLLR
A701T:L705R,-14.04482421875,EnsembleMLLR
A701T:L705P,-10.82542724609375,EnsembleMLLR
A701V,-1.537060546875,EnsembleMLLR
A701T:L705H,-14.67293701171875,EnsembleMLLR
A701T:G708D,-14.1287109375,EnsembleMLLR
A701T:L705I,-3.6364379882812496,EnsembleMLLR
A701T:G708V,-4.134716796875,EnsembleMLLR
A701T:G708S,-4.3396484375,EnsembleMLLR
A701T:G709C,-6.0423583984375,EnsembleMLLR
A701T:G709D,-12.835791015624999,EnsembleMLLR
A701T:G709S,-5.4402099609375,EnsembleMLLR
A701T:I702N,-10.511572265624999,EnsembleMLLR
A701T:I702T,-5.641650390625,EnsembleMLLR
A701T:I702V,-2.71962890625,EnsembleMLLR
A701T:I702F,-5.773974609374999,EnsembleMLLR
A701T:I703N,-12.1914794921875,EnsembleMLLR
A701T:I703T,-6.736499023437499,EnsembleMLLR
A701T:L705F,-7.15838623046875,EnsembleMLLR
A701T:I703V,-3.0458740234375004,EnsembleMLLR
A701T:I712K,-13.289794921875,EnsembleMLLR
A701T:I712L,-0.4886230468749999,EnsembleMLLR
A701T:I712M,-3.494580078125,EnsembleMLLR
A701T:I712T,-4.625439453125001,EnsembleMLLR
A701T:I703F,-6.254052734375,EnsembleMLLR
A701T:I712V,-1.8935302734375001,EnsembleMLLR
I702T:M706K,-11.86953125,EnsembleMLLR
I702T:M706I,-2.28330078125,EnsembleMLLR
I702T:L705F,-8.0470703125,EnsembleMLLR
I702T:L705I,-5.8382629394531245,EnsembleMLLR
I702T:L705H,-16.674896240234375,EnsembleMLLR
I702T:M706L,0.5667663574218746,EnsembleMLLR
I702T:L705P,-13.058953857421876,EnsembleMLLR
I702T:M706T,-5.881640625,EnsembleMLLR
I702T:V711D,-16.922265625,EnsembleMLLR
I702T:V707A,-4.241650390625001,EnsembleMLLR
I702T:V707G,-9.12373046875,EnsembleMLLR
I702T:V707M,-6.2541015625,EnsembleMLLR
I702T:V710A,-3.88974609375,EnsembleMLLR
I702T:V710D,-16.95576171875,EnsembleMLLR
I702T:V710I,-4.00673828125,EnsembleMLLR
I702T:V711A,-2.57265625,EnsembleMLLR
I702T:I712V,-2.6360351562499997,EnsembleMLLR
I702T:V711I,-4.40205078125,EnsembleMLLR
I702T:M706V,-2.13681640625,EnsembleMLLR
I702T:I712T,-6.340624999999999,EnsembleMLLR
I702T:G709C,-7.7672607421875,EnsembleMLLR
I702T:I712L,-2.51328125,EnsembleMLLR
I702T,-3.057421875,EnsembleMLLR
I702T:V711L,-3.3864257812500003,EnsembleMLLR
I702S,-7.056640625,EnsembleMLLR
I702T:A713E,-15.412060546875,EnsembleMLLR
I702T:A713S,-8.0104736328125,EnsembleMLLR
I702T:A713T,-7.04404296875,EnsembleMLLR
I702T:A713V,-5.040380859375,EnsembleMLLR
I702T:G704E,-15.906134796142577,EnsembleMLLR
I702T:G704R,-15.435503387451172,EnsembleMLLR
I702T:I712M,-5.47177734375,EnsembleMLLR
I702T:G708C,-7.19384765625,EnsembleMLLR
I702T:G708S,-6.63568115234375,EnsembleMLLR
I702T:G708V,-5.6023193359375,EnsembleMLLR
I702T:G709D,-15.20899658203125,EnsembleMLLR
I702T:G709S,-7.652453613281249,EnsembleMLLR
I702T:I703F,-8.6634521484375,EnsembleMLLR
I702T:I703N,-16.277392578125,EnsembleMLLR
I702T:I703T,-8.9766845703125,EnsembleMLLR
I702T:I703V,-4.97177734375,EnsembleMLLR
I702T:I712K,-15.120703125,EnsembleMLLR
I702T:G708D,-14.273779296875,EnsembleMLLR
I702V,-0.2677734375,EnsembleMLLR
I702V:I712T,-3.78330078125,EnsembleMLLR
I702V:A713S,-4.6376220703125,EnsembleMLLR
I702V:L705P,-9.460150146484375,EnsembleMLLR
I702V:M706I,0.5284179687499999,EnsembleMLLR
I702V:M706K,-9.114111328125,EnsembleMLLR
I702V:M706L,3.5075622558593755,EnsembleMLLR
I702V:M706T,-2.512744140625,EnsembleMLLR
I702V:M706V,1.20634765625,EnsembleMLLR
I702V:V707A,-2.0767578125,EnsembleMLLR
I702V:V707E,-11.84072265625,EnsembleMLLR
I702V:V707L,-2.43349609375,EnsembleMLLR
I702V:L705I,-2.0453369140625,EnsembleMLLR
I702V:V707M,-2.981494140625,EnsembleMLLR
I702V:V710D,-13.26953125,EnsembleMLLR
I702V:V710F,-3.322998046875,EnsembleMLLR
I702V:V710G,-2.739599609375,EnsembleMLLR
I702V:V710I,-1.8294921874999999,EnsembleMLLR
I702V:V711A,0.1974609375,EnsembleMLLR
I702V:V711D,-13.1720703125,EnsembleMLLR
I702V:V711F,-3.42138671875,EnsembleMLLR
I702V:V711I,-1.1142578125,EnsembleMLLR
I702N:V711I,-8.264453125,EnsembleMLLR
I702V:V710A,-0.7867675781250001,EnsembleMLLR
I702V:A713E,-12.387158203125,EnsembleMLLR
I702V:L705H,-13.14786376953125,EnsembleMLLR
I702V:I712V,0.16806640625000002,EnsembleMLLR
I702V:A713T,-3.197607421875,EnsembleMLLR
I702V:A713V,-1.600927734375,EnsembleMLLR
I702V:G704E,-12.280643463134766,EnsembleMLLR
I702V:G704R,-13.003678512573241,EnsembleMLLR
I702V:G708C,-4.3341796875,EnsembleMLLR
I702V:G708D,-11.926562500000001,EnsembleMLLR
I702V:G708R,-11.404681396484374,EnsembleMLLR
I702V:G708S,-4.218359375,EnsembleMLLR
I702V:G708V,-2.1173828125,EnsembleMLLR
I702V:L705F,-5.0715087890625,EnsembleMLLR
I702V:G709C,-3.86370849609375,EnsembleMLLR
I702V:G709S,-3.298583984375,EnsembleMLLR
I702V:I703F,-5.85283203125,EnsembleMLLR
I702V:I703N,-13.280517578125,EnsembleMLLR
I702V:I703T,-6.149658203125,EnsembleMLLR
I702V:I703V,-1.9964599609375,EnsembleMLLR
I702V:I712K,-11.585644531249999,EnsembleMLLR
I702V:I712L,0.4491210937500001,EnsembleMLLR
I702V:I712M,-1.8984863281250002,EnsembleMLLR
I702V:I712R,-12.142871093750001,EnsembleMLLR
I702V:G709D,-11.56533203125,EnsembleMLLR
I702N:V711D,-21.21767578125,EnsembleMLLR
I702A,-3.6587890625,EnsembleMLLR
I702N:V710I,-9.440234375,EnsembleMLLR
I702F:I712T,-6.8732421875,EnsembleMLLR
I702F:I712V,-2.959765625,EnsembleMLLR
I702F:L705F,-7.69842529296875,EnsembleMLLR
I702F:L705H,-15.912109375,EnsembleMLLR
I702F:L705I,-4.9357421875,EnsembleMLLR
I702F:L705P,-14.016162109375,EnsembleMLLR
I702F:M706I,-2.429248046875,EnsembleMLLR
I702F:M706K,-12.543554687499999,EnsembleMLLR
I702F:M706L,0.4606689453124999,EnsembleMLLR
I702F:I712M,-4.424609375,EnsembleMLLR
I702F:M706T,-5.7732421875,EnsembleMLLR
I702F:V707A,-5.510302734375,EnsembleMLLR
I702F:V707E,-15.808569335937499,EnsembleMLLR
I702F:V707L,-5.763623046875001,EnsembleMLLR
I702F:V707M,-6.942626953125,EnsembleMLLR
I702F:V710A,-4.3640625,EnsembleMLLR
I702F:V710D,-16.8310546875,EnsembleMLLR
I702F:V710F,-6.67275390625,EnsembleMLLR
I702F:V710I,-4.429296875,EnsembleMLLR
I702F:V711A,-3.7859863281250004,EnsembleMLLR
I702F:M706V,-2.5193359374999997,EnsembleMLLR
I702F:V711D,-16.39052734375,EnsembleMLLR
I702F:I712L,-2.05546875,EnsembleMLLR
I702F:I703V,-5.1446533203125,EnsembleMLLR
I702V:V711L,0.07685546875000002,EnsembleMLLR
I702D,-10.4705078125,EnsembleMLLR
I702F,-4.206103515625,EnsembleMLLR
I702F:A713E,-16.0016357421875,EnsembleMLLR
I702F:A713S,-7.82607421875,EnsembleMLLR
I702F:A713T,-6.354785156249999,EnsembleMLLR
I702F:A713V,-4.6831787109375,EnsembleMLLR
I702F:G704E,-15.330463409423828,EnsembleMLLR
I702F:G704R,-15.26977119445801,EnsembleMLLR
I702F:I712K,-14.78876953125,EnsembleMLLR
I702F:G704V,-11.977493286132812,EnsembleMLLR
I702F:G708D,-15.7835693359375,EnsembleMLLR
I702F:G708S,-7.049755859375,EnsembleMLLR
I702F:G708V,-5.776416015625,EnsembleMLLR
I702F:G709C,-5.781201171875001,EnsembleMLLR
I702F:G709D,-15.62373046875,EnsembleMLLR
I702F:G709R,-16.6949462890625,EnsembleMLLR
I702F:G709S,-6.889068603515625,EnsembleMLLR
I702F:I703N,-16.176171875,EnsembleMLLR
I702F:I703T,-7.7530273437499995,EnsembleMLLR
I702F:G708C,-6.758056640625,EnsembleMLLR
I702N:V711A,-6.927734375,EnsembleMLLR
I702F:V711I,-4.7595703125,EnsembleMLLR
I702K,-6.1380859375,EnsembleMLLR
I702N:I703V,-10.264599609374999,EnsembleMLLR
I702N:I712K,-18.2755859375,EnsembleMLLR
I702N:I712L,-6.72822265625,EnsembleMLLR
I702N:I712M,-10.213671875000001,EnsembleMLLR
I702N:I712V,-6.31875,EnsembleMLLR
I702N:L705F,-12.181066894531249,EnsembleMLLR
I702N:L705H,-20.5313720703125,EnsembleMLLR
I702N:L705I,-9.26307373046875,EnsembleMLLR
I702N:L705P,-17.1065673828125,EnsembleMLLR
I702N:I703T,-12.025390625,EnsembleMLLR
I702N:M706I,-6.926757812500001,EnsembleMLLR
I702N:M706L,-3.86573486328125,EnsembleMLLR
I702N:M706T,-10.183007812500001,EnsembleMLLR
I702N:M706V,-7.4004882812499995,EnsembleMLLR
I702N:V707A,-9.2203125,EnsembleMLLR
I702N:V707E,-19.07470703125,EnsembleMLLR
I702N:V707L,-9.87705078125,EnsembleMLLR
I702N:V707M,-11.628369140624999,EnsembleMLLR
I702N:V710A,-8.70458984375,EnsembleMLLR
I702N:V710D,-20.36962890625,EnsembleMLLR
I702N:M706K,-17.38232421875,EnsembleMLLR
I702F:V711L,-3.5109375,EnsembleMLLR
I702N:I703N,-18.8916259765625,EnsembleMLLR
I702N:G709D,-19.6125732421875,EnsembleMLLR
I702L,-0.8861328125,EnsembleMLLR
I702L:I712L,0.621875,EnsembleMLLR
I702L:V707L,-3.0548828125,EnsembleMLLR
I702M,-2.079443359375,EnsembleMLLR
I702M:I712L,-0.4457031250000001,EnsembleMLLR
I702M:I712V,-1.24169921875,EnsembleMLLR
I702M:V710D,-14.5123046875,EnsembleMLLR
I702M:V711D,-14.63408203125,EnsembleMLLR
I702N,-8.378125,EnsembleMLLR
I702N:G709S,-12.21959228515625,EnsembleMLLR
I702N:A713S,-11.614013671875,EnsembleMLLR
I702N:A713V,-8.9721435546875,EnsembleMLLR
I702N:G704E,-19.41433792114258,EnsembleMLLR
I702N:G704R,-19.715140533447265,EnsembleMLLR
I702N:G708C,-12.939038085937499,EnsembleMLLR
I702N:G708D,-19.4727294921875,EnsembleMLLR
I702N:G708S,-12.017236328125,EnsembleMLLR
I702N:G708V,-9.780419921875001,EnsembleMLLR
I702N:G709A,-8.82314453125,EnsembleMLLR
I702N:G709C,-11.132714843750001,EnsembleMLLR
I702N:A713T,-11.53046875,EnsembleMLLR
I702Y,-4.762109375,EnsembleMLLR
I702T:V707E,-15.314843750000001,EnsembleMLLR
I703F:G709C,-8.6122314453125,EnsembleMLLR
I703T:M706R,-13.484375,EnsembleMLLR
I703T:M706T,-6.39228515625,EnsembleMLLR
I703T:M706V,-3.6838867187499997,EnsembleMLLR
I703T:V707A,-6.487255859375001,EnsembleMLLR
I703T:V707E,-16.53681640625,EnsembleMLLR
I703T:V707G,-10.030322265625,EnsembleMLLR
I703T:V707L,-5.85478515625,EnsembleMLLR
I703T:V707M,-8.72451171875,EnsembleMLLR
I703T:V710A,-5.538330078125,EnsembleMLLR
I703T:V710D,-18.689599609375,EnsembleMLLR
I703T:V710I,-6.3705810546874995,EnsembleMLLR
I703T:V710L,-5.202587890625,EnsembleMLLR
I703T:V711A,-4.6911865234375,EnsembleMLLR
I703T:V711D,-17.671240234375,EnsembleMLLR
I703T:V711G,-8.742089843750001,EnsembleMLLR
I703T:V711I,-6.3050537109375,EnsembleMLLR
I703V,-1.44864501953125,EnsembleMLLR
I703T:M706L,-0.32353515624999973,EnsembleMLLR
I703V:A713P,-11.205371093750001,EnsembleMLLR
I703T:M706K,-14.19501953125,EnsembleMLLR
I703T:L705P,-13.173974609375,EnsembleMLLR
I703T:G704V,-14.477409362792969,EnsembleMLLR
I703T:G708C,-7.6391357421875,EnsembleMLLR
I703T:G708D,-15.66279296875,EnsembleMLLR
I703T:G708R,-15.25384521484375,EnsembleMLLR
I703T:G708S,-8.25048828125,EnsembleMLLR
I703T:G708V,-6.89923095703125,EnsembleMLLR
I703T:G709C,-8.0342041015625,EnsembleMLLR
I703T:G709D,-15.959765625,EnsembleMLLR
I703T:G709R,-17.289404296875,EnsembleMLLR
I703T:G709S,-8.4520263671875,EnsembleMLLR
I703T:I712K,-16.468212890625,EnsembleMLLR
I703T:I712L,-3.8954833984375004,EnsembleMLLR
I703T:I712M,-5.6431884765625,EnsembleMLLR
I703T:I712T,-7.6653076171875,EnsembleMLLR
I703T:I712V,-4.0539794921875005,EnsembleMLLR
I703T:L705F,-8.3783935546875,EnsembleMLLR
I703T:L705H,-17.8873046875,EnsembleMLLR
I703T:M706I,-3.5332641601562504,EnsembleMLLR
I703T:G704R,-16.89954605102539,EnsembleMLLR
I703V:A713S,-5.7507568359375,EnsembleMLLR
I703V:A713V,-2.5849853515625,EnsembleMLLR
I703V:M706K,-9.498022460937499,EnsembleMLLR
I703V:M706L,2.5583129882812496,EnsembleMLLR
I703V:M706T,-3.51005859375,EnsembleMLLR
I703V:M706V,-0.04440917968749991,EnsembleMLLR
I703V:V707A,-3.0612548828125004,EnsembleMLLR
I703V:V707E,-12.57802734375,EnsembleMLLR
I703V:V707L,-3.4070556640625,EnsembleMLLR
I703V:V707M,-4.455322265625,EnsembleMLLR
I703V:V710A,-1.687255859375,EnsembleMLLR
I703V:V710D,-14.9412109375,EnsembleMLLR
I703V:V710I,-2.503955078125,EnsembleMLLR
I703V:V711A,-0.6821533203125001,EnsembleMLLR
I703V:V711D,-14.0990478515625,EnsembleMLLR
I703V:V711G,-5.5408447265625,EnsembleMLLR
I703V:V711I,-2.309228515625,EnsembleMLLR
I703Y,-7.3490234375,EnsembleMLLR
I703F:G709D,-17.2210205078125,EnsembleMLLR
I703V:M706I,-0.22998046875,EnsembleMLLR
I703V:A713T,-4.44541015625,EnsembleMLLR
I703V:L705V,-4.841937255859375,EnsembleMLLR
I703V:L705I,-4.24429931640625,EnsembleMLLR
I703V:G704R,-12.792773437500001,EnsembleMLLR
I703V:G704V,-9.829108428955077,EnsembleMLLR
I703V:G708C,-5.48077392578125,EnsembleMLLR
I703V:G708D,-13.16337890625,EnsembleMLLR
I703V:G708S,-5.2324462890625,EnsembleMLLR
I703V:G708V,-3.6812744140625,EnsembleMLLR
I703V:G709C,-5.4755859375,EnsembleMLLR
I703V:G709D,-13.1338623046875,EnsembleMLLR
I703V:G709R,-14.69970703125,EnsembleMLLR
I703V:G709S,-4.57294921875,EnsembleMLLR
I703V:I712K,-12.802270507812501,EnsembleMLLR
I703V:I712L,-0.2356201171875001,EnsembleMLLR
I703V:I712M,-2.3893310546875,EnsembleMLLR
I703V:I712T,-4.7695556640625,EnsembleMLLR
I703V:I712V,-0.6904052734375,EnsembleMLLR
I703V:L705F,-5.9127197265625,EnsembleMLLR
I703V:L705H,-13.86700439453125,EnsembleMLLR
I703V:L705P,-10.8320068359375,EnsembleMLLR
I703T:G704E,-17.46634368896484,EnsembleMLLR
I703T:L705I,-6.9180908203125,EnsembleMLLR
I703T:A713T,-7.6508544921874995,EnsembleMLLR
I703F:M706V,-3.64794921875,EnsembleMLLR
I703F:V707A,-8.083105468749999,EnsembleMLLR
I703F:V707E,-17.076806640625,EnsembleMLLR
I703F:V707M,-7.802783203125,EnsembleMLLR
I703F:V710A,-5.7308105468749995,EnsembleMLLR
I703F:V710D,-18.551904296875,EnsembleMLLR
I703F:V710I,-6.097485351562501,EnsembleMLLR
I703F:V711A,-5.4455078125,EnsembleMLLR
I703F:V711D,-17.654638671875,EnsembleMLLR
I703F:V711I,-6.7073608398437505,EnsembleMLLR
I703H,-12.205810546875,EnsembleMLLR
I703K,-11.48466796875,EnsembleMLLR
I703L,-2.9350341796875,EnsembleMLLR
I703M,-3.406787109375,EnsembleMLLR
I703M:I712L,-2.9693359375,EnsembleMLLR
I703M:L705H,-16.4615234375,EnsembleMLLR
I703M:V707E,-15.078588867187499,EnsembleMLLR
I703F:M706T,-7.0137939453125,EnsembleMLLR
I703M:V710D,-18.2464599609375,EnsembleMLLR
I703F:M706L,-1.6128540039062496,EnsembleMLLR
I703F:M706I,-2.70263671875,EnsembleMLLR
I703T:A713V,-6.22099609375,EnsembleMLLR
I703F:G708V,-7.704852294921875,EnsembleMLLR
I703F:G708S,-7.7107177734375,EnsembleMLLR
I703F:G708C,-8.9145751953125,EnsembleMLLR
I703F:A713V,-7.383642578125,EnsembleMLLR
I703F:A713T,-8.262060546875,EnsembleMLLR
I703F:A713S,-8.927197265625,EnsembleMLLR
I703F,-5.2003662109375,EnsembleMLLR
I703D,-12.775341796875,EnsembleMLLR
I703A,-3.5817138671875,EnsembleMLLR
I703F:G709S,-7.58193359375,EnsembleMLLR
I703F:I712L,-4.23480224609375,EnsembleMLLR
I703F:I712M,-6.9350830078125,EnsembleMLLR
I703F:I712T,-8.5399658203125,EnsembleMLLR
I703F:I712V,-4.3133789062500005,EnsembleMLLR
I703F:L705H,-17.94266357421875,EnsembleMLLR
I703F:L705I,-6.975354003906251,EnsembleMLLR
I703F:M706K,-13.175048828125,EnsembleMLLR
I703N,-11.130712890625,EnsembleMLLR
I703F:L705P,-15.067224121093751,EnsembleMLLR
I703N:A713T,-14.657397460937501,EnsembleMLLR
I703N:M706L,-6.955139160156251,EnsembleMLLR
I703N:M706T,-14.393383789062499,EnsembleMLLR
I703N:M706V,-10.12294921875,EnsembleMLLR
I703N:V707A,-13.2885498046875,EnsembleMLLR
I703N:V707E,-23.5879150390625,EnsembleMLLR
I703N:V707L,-12.90224609375,EnsembleMLLR
I703N:V707M,-14.8514404296875,EnsembleMLLR
I703N:V710A,-11.884497070312499,EnsembleMLLR
I703N:V710I,-13.001733398437501,EnsembleMLLR
I703N:V711A,-11.059130859375001,EnsembleMLLR
I703N:V711D,-24.8218017578125,EnsembleMLLR
I703N:V711I,-13.4411376953125,EnsembleMLLR
I703S,-7.607861328125,EnsembleMLLR
I703T,-5.11275634765625,EnsembleMLLR
I703T:A713E,-17.1515380859375,EnsembleMLLR
I703T:A713S,-9.7569091796875,EnsembleMLLR
I703N:A713S,-15.3122802734375,EnsembleMLLR
I703N:M706K,-21.24443359375,EnsembleMLLR
I703N:M706I,-10.4649658203125,EnsembleMLLR
I703N:V710D,-25.6499755859375,EnsembleMLLR
I703N:L705I,-14.563732910156249,EnsembleMLLR
I703N:A713V,-13.0791748046875,EnsembleMLLR
I703N:L705P,-21.46783447265625,EnsembleMLLR
I703N:G704E,-23.37494888305664,EnsembleMLLR
I703N:G704V,-20.194937896728515,EnsembleMLLR
I703N:G708C,-14.9546630859375,EnsembleMLLR
I703N:G708D,-24.287896728515626,EnsembleMLLR
I703N:G708V,-13.1205810546875,EnsembleMLLR
I703N:G709C,-15.470605468750001,EnsembleMLLR
I703N:G709D,-24.5091552734375,EnsembleMLLR
I703N:G708S,-14.9860107421875,EnsembleMLLR
I703N:G709S,-13.53221435546875,EnsembleMLLR
I703N:I712K,-20.0350830078125,EnsembleMLLR
I703N:I712L,-10.714624023437501,EnsembleMLLR
I703N:I712M,-13.349584960937499,EnsembleMLLR
I703N:I712T,-14.77509765625,EnsembleMLLR
I703N:I712V,-11.139208984375001,EnsembleMLLR
I703N:L705F,-16.2928466796875,EnsembleMLLR
I703N:L705H,-24.504809570312503,EnsembleMLLR
G704R:I712M,-13.026339721679689,EnsembleMLLR
G704R:I712T,-15.822526550292968,EnsembleMLLR
G704R:I712V,-11.639602661132812,EnsembleMLLR
G704R:L705F,-17.098451232910158,EnsembleMLLR
G704R:M706I,-10.860456466674805,EnsembleMLLR
G704R:L705H,-24.69024314880371,EnsembleMLLR
G704R:M706K,-21.57178649902344,EnsembleMLLR
G704R:I712L,-10.095114135742188,EnsembleMLLR
G704R:M706L,-8.125509643554686,EnsembleMLLR
G704R:G709S,-15.6282470703125,EnsembleMLLR
G704K,-14.144531631469727,EnsembleMLLR
G704R:G709C,-15.030479431152344,EnsembleMLLR
G704R:G708S,-15.245703887939454,EnsembleMLLR
G704R:G708D,-23.574308776855467,EnsembleMLLR
G704R:G708C,-15.760641479492188,EnsembleMLLR
G704R:A713V,-13.111917877197264,EnsembleMLLR
G704R:A713T,-14.19476318359375,EnsembleMLLR
G704R,-11.481452941894531,EnsembleMLLR
G704E:V711I,-13.064160919189453,EnsembleMLLR
G704R:M706T,-14.310641479492187,EnsembleMLLR
G704E:V711D,-25.729245376586913,EnsembleMLLR
G704R:G709D,-23.70567092895508,EnsembleMLLR
G704R:M706V,-11.210807800292969,EnsembleMLLR
G704V:M706L,-4.775817108154296,EnsembleMLLR
G704R:V707E,-24.097259521484375,EnsembleMLLR
G704E:V711A,-11.778282165527344,EnsembleMLLR
G704W,-10.613261413574218,EnsembleMLLR
G704V:V711D,-20.041436767578126,EnsembleMLLR
G704V:V710D,-22.09154167175293,EnsembleMLLR
G704V:L705P,-17.789703369140625,EnsembleMLLR
G704V:L705F,-11.654913330078125,EnsembleMLLR
G704V:I712V,-6.1850444793701165,EnsembleMLLR
G704V:I712T,-12.598498916625976,EnsembleMLLR
G704V:G709S,-10.514045715332031,EnsembleMLLR
G704V:G709C,-11.670646667480469,EnsembleMLLR
G704V:G708C,-12.098562240600586,EnsembleMLLR
G704V:A713V,-10.492005157470704,EnsembleMLLR
G704V,-8.279199981689453,EnsembleMLLR
G704S,-5.867963981628418,EnsembleMLLR
G704R:V711I,-12.934808731079102,EnsembleMLLR
G704R:V711D,-25.068545532226562,EnsembleMLLR
G704R:V710I,-12.43472557067871,EnsembleMLLR
G704R:V710D,-25.105567932128906,EnsembleMLLR
G704R:V710A,-11.951876831054687,EnsembleMLLR
G704R:V707M,-15.780792999267579,EnsembleMLLR
G704R:V707L,-13.619316864013673,EnsembleMLLR
G704R:V707A,-13.501679992675781,EnsembleMLLR
G704E:V710L,-12.109613418579102,EnsembleMLLR
G704E:V710A,-12.47420883178711,EnsembleMLLR
G704E,-12.469455337524414,EnsembleMLLR
G704E:G708V,-14.53451919555664,EnsembleMLLR
G704E:G708D,-23.558121490478513,EnsembleMLLR
G704E:G708C,-16.457432556152344,EnsembleMLLR
G704E:A713V,-13.66985092163086,EnsembleMLLR
G704E:A713T,-14.848563385009765,EnsembleMLLR
G704E:A713S,-16.413420104980467,EnsembleMLLR
G704E:G709C,-16.521246337890624,EnsembleMLLR
G704D,-11.894957733154296,EnsembleMLLR
G704A:V711D,-17.489409637451175,EnsembleMLLR
G704A:V707E,-15.705280113220214,EnsembleMLLR
G704A:G708S,-7.8868408203125,EnsembleMLLR
G704A:G708C,-8.031490516662597,EnsembleMLLR
G704A,-4.922268295288086,EnsembleMLLR
G704E:V710D,-25.727993392944335,EnsembleMLLR
G704C,-9.766989707946777,EnsembleMLLR
G704E:G709D,-24.333252716064454,EnsembleMLLR
G704E:G708S,-15.46635398864746,EnsembleMLLR
G704E:I712K,-23.148501586914062,EnsembleMLLR
G704E:V707M,-14.686442565917968,EnsembleMLLR
G704E:V707E,-23.487965393066403,EnsembleMLLR
G704E:V707A,-13.774327087402344,EnsembleMLLR
G704E:M706V,-9.624603271484375,EnsembleMLLR
G704E:M706T,-13.882308197021484,EnsembleMLLR
G704E:G709S,-14.762249755859374,EnsembleMLLR
G704E:M706K,-21.0403450012207,EnsembleMLLR
G704E:M706I,-11.172098541259764,EnsembleMLLR
G704E:M706L,-8.416554260253907,EnsembleMLLR
G704E:L705P,-20.545652008056642,EnsembleMLLR
G704E:L705H,-24.46068916320801,EnsembleMLLR
G704E:L705F,-16.90322036743164,EnsembleMLLR
G704E:I712V,-11.477261352539063,EnsembleMLLR
G704E:I712T,-15.341541290283203,EnsembleMLLR
G704E:I712M,-12.5273193359375,EnsembleMLLR
G704E:I712L,-9.380998229980468,EnsembleMLLR
L705P:A713S,-12.820361328125,EnsembleMLLR
L705I:V710D,-14.77734375,EnsembleMLLR
L705I:V710I,-2.9645751953125,EnsembleMLLR
L705I:V711D,-14.473199462890625,EnsembleMLLR
L705I:V711I,-2.4020751953125,EnsembleMLLR
L705N,-11.182470703125,EnsembleMLLR
L705P,-9.83504638671875,EnsembleMLLR
L705I:V710A,-1.9995361328124999,EnsembleMLLR
L705P:A713T,-11.270043945312501,EnsembleMLLR
L705H:V711A,-13.056933593750001,EnsembleMLLR
L705P:G708A,-11.463720703125,EnsembleMLLR
L705P:G708C,-12.833795166015625,EnsembleMLLR
L705P:G708D,-21.474615478515624,EnsembleMLLR
L705P:G708S,-12.440377807617187,EnsembleMLLR
L705P:G708V,-11.115380859375,EnsembleMLLR
L705P:G709C,-12.8776611328125,EnsembleMLLR
L705P:G709D,-20.251599121093747,EnsembleMLLR
L705P:G709S,-12.37908935546875,EnsembleMLLR
L705I:V707M,-5.57706298828125,EnsembleMLLR
L705P:A713V,-9.88812255859375,EnsembleMLLR
L705I:V707E,-14.234735107421876,EnsembleMLLR
L705I:A713E,-14.879345703125,EnsembleMLLR
L705I:M706V,-0.37004394531249996,EnsembleMLLR
L705H:V711D,-25.6728759765625,EnsembleMLLR
L705H:V711F,-15.230419921875,EnsembleMLLR
L705H:V711I,-14.094061279296875,EnsembleMLLR
L705I,-2.25589599609375,EnsembleMLLR
L705P:I712K,-22.09957275390625,EnsembleMLLR
L705I:A713T,-5.82930908203125,EnsembleMLLR
L705I:G708C,-5.13704833984375,EnsembleMLLR
L705I:G708R,-13.779736328125,EnsembleMLLR
L705I:G709C,-5.8628662109375,EnsembleMLLR
L705I:V707A,-3.07742919921875,EnsembleMLLR
L705I:G709D,-13.6155517578125,EnsembleMLLR
L705I:I712K,-13.9474609375,EnsembleMLLR
L705I:I712L,0.07145996093749996,EnsembleMLLR
L705I:I712M,-3.4590209960937504,EnsembleMLLR
L705I:I712T,-5.735766601562499,EnsembleMLLR
L705I:I712V,-0.9795166015625,EnsembleMLLR
L705I:M706I,-0.6025634765624999,EnsembleMLLR
L705Y,-8.85693359375,EnsembleMLLR
L705I:M706L,2.043975830078125,EnsembleMLLR
L705I:M706T,-4.819049072265625,EnsembleMLLR
L705I:G709S,-4.85709228515625,EnsembleMLLR
L705P:I712L,-9.756665039062499,EnsembleMLLR
L705Q,-11.92276611328125,EnsembleMLLR
L705P:I712T,-12.212451171875,EnsembleMLLR
L705R:M706I,-9.86009521484375,EnsembleMLLR
L705R:M706V,-10.163168334960938,EnsembleMLLR
L705R:V707E,-23.13304443359375,EnsembleMLLR
L705R:V707M,-14.81444091796875,EnsembleMLLR
L705R:V710A,-12.425439453125,EnsembleMLLR
L705R:V711D,-24.47274169921875,EnsembleMLLR
L705R:V711I,-12.41766357421875,EnsembleMLLR
L705V:V710D,-16.67103271484375,EnsembleMLLR
L705V:V707E,-14.57620849609375,EnsembleMLLR
L705V:M706L,1.94686279296875,EnsembleMLLR
L705V:I712V,-1.2861083984375001,EnsembleMLLR
L705V:I712M,-4.690411376953125,EnsembleMLLR
L705V:I712L,-1.4587402343749998,EnsembleMLLR
L705V:G709D,-13.7969482421875,EnsembleMLLR
L705V:G709C,-6.50263671875,EnsembleMLLR
L705V:A713S,-6.6997802734375,EnsembleMLLR
L705V,-2.86048583984375,EnsembleMLLR
L705T,-6.18040771484375,EnsembleMLLR
L705S,-5.342333984375,EnsembleMLLR
L705R:I712V,-10.91888427734375,EnsembleMLLR
L705P:I712M,-10.7513671875,EnsembleMLLR
L705R:I712M,-12.922265625,EnsembleMLLR
L705R:G709C,-15.5253173828125,EnsembleMLLR
L705P:I712V,-8.54010009765625,EnsembleMLLR
L705P:M706I,-8.211773681640626,EnsembleMLLR
L705P:M706K,-17.1123291015625,EnsembleMLLR
L705P:M706L,-5.456219482421875,EnsembleMLLR
L705P:M706T,-11.076626586914063,EnsembleMLLR
L705P:M706V,-7.83470458984375,EnsembleMLLR
L705P:V707A,-11.268115234375001,EnsembleMLLR
L705P:V707E,-20.5115234375,EnsembleMLLR
L705P:V707L,-11.02314453125,EnsembleMLLR
L705P:V707M,-13.1082763671875,EnsembleMLLR
L705P:V710A,-9.529638671875,EnsembleMLLR
L705P:V710D,-22.369384765625,EnsembleMLLR
L705P:V710I,-11.646405029296874,EnsembleMLLR
L705V:V711D,-15.6158203125,EnsembleMLLR
L705P:V711I,-9.506640625,EnsembleMLLR
L705R,-12.2584228515625,EnsembleMLLR
L705R:A713S,-16.309460449218747,EnsembleMLLR
L705R:A713T,-15.372827148437501,EnsembleMLLR
L705R:A713V,-12.72120361328125,EnsembleMLLR
L705R:I712K,-22.82572021484375,EnsembleMLLR
L705H:V710I,-13.663989257812501,EnsembleMLLR
L705P:V711D,-23.054705810546878,EnsembleMLLR
L705I:M706K,-11.125439453125,EnsembleMLLR
L705F:V711D,-18.3442138671875,EnsembleMLLR
L705F:V711A,-3.5318603515625,EnsembleMLLR
L705F:V710I,-5.712255859375,EnsembleMLLR
L705F:V710D,-17.24217529296875,EnsembleMLLR
L705F:V710A,-5.3420166015625,EnsembleMLLR
L705F:V707M,-6.8991943359375,EnsembleMLLR
L705F:V707E,-15.732861328124999,EnsembleMLLR
L705F:V707A,-6.22720947265625,EnsembleMLLR
L705F:M706V,-2.8128540039062497,EnsembleMLLR
L705F:M706T,-6.832232666015624,EnsembleMLLR
L705F:M706L,-1.1398193359375002,EnsembleMLLR
L705F:M706K,-13.1505615234375,EnsembleMLLR
L705F:M706I,-2.718017578125,EnsembleMLLR
L705F:I712V,-3.69307861328125,EnsembleMLLR
L705F:I712T,-7.45654296875,EnsembleMLLR
L705F:I712M,-5.728466796875,EnsembleMLLR
L705F:I712L,-3.4873413085937504,EnsembleMLLR
L705F:G709S,-7.1947021484375,EnsembleMLLR
L705F:G709D,-15.78902587890625,EnsembleMLLR
L705F:G709C,-7.987152099609375,EnsembleMLLR
L705F:G708V,-7.566448974609376,EnsembleMLLR
L705F:G708S,-7.472705078125,EnsembleMLLR
L705F:G708C,-9.652392578125,EnsembleMLLR
L705F:A713V,-4.93155517578125,EnsembleMLLR
L705F:A713T,-7.777392578125,EnsembleMLLR
L705F:A713S,-8.045578002929688,EnsembleMLLR
L705F,-4.9344970703125,EnsembleMLLR
L705D,-11.035498046875,EnsembleMLLR
L705C,-6.69202880859375,EnsembleMLLR
L705F:V711I,-5.859317016601563,EnsembleMLLR
L705H,-12.8447021484375,EnsembleMLLR
L705F:I712K,-16.1818603515625,EnsembleMLLR
L705H:A713S,-16.404150390625,EnsembleMLLR
L705H:A713E,-24.54034423828125,EnsembleMLLR
L705H:V710D,-25.550140380859375,EnsembleMLLR
L705H:V710A,-14.369259643554686,EnsembleMLLR
L705H:V707M,-15.246240234375,EnsembleMLLR
L705H:V707L,-14.693115234375,EnsembleMLLR
L705H:V707G,-18.274725341796874,EnsembleMLLR
L705H:V707E,-23.6565185546875,EnsembleMLLR
L705H:V707A,-14.083587646484375,EnsembleMLLR
L705H:M706V,-11.194219970703124,EnsembleMLLR
L705H:M706T,-14.875347900390624,EnsembleMLLR
L705H:M706L,-8.98861083984375,EnsembleMLLR
L705H:M706K,-20.92669677734375,EnsembleMLLR
L705H:M706I,-11.299517822265624,EnsembleMLLR
L705H:I712V,-12.292999267578125,EnsembleMLLR
L705H:V710G,-15.88267822265625,EnsembleMLLR
L705H:V710F,-14.91688232421875,EnsembleMLLR
L705H:I712M,-13.718359375,EnsembleMLLR
L705H:I712T,-16.580059814453126,EnsembleMLLR
L705H:A713T,-15.33887939453125,EnsembleMLLR
L705H:A713V,-13.780102539062499,EnsembleMLLR
L705H:G708C,-17.088720703125,EnsembleMLLR
L705H:G708D,-24.94644775390625,EnsembleMLLR
L705H:G708S,-16.316650390625,EnsembleMLLR
L705H:G708V,-14.3777099609375,EnsembleMLLR
L705H:G708R,-23.4647216796875,EnsembleMLLR
L705H:G709D,-23.466503906249997,EnsembleMLLR
L705H:G709R,-25.197583007812497,EnsembleMLLR
L705H:G709S,-15.7037353515625,EnsembleMLLR
L705H:G709V,-16.95379638671875,EnsembleMLLR
L705H:I712K,-23.659350585937503,EnsembleMLLR
L705H:I712L,-11.3953857421875,EnsembleMLLR
L705H:G709C,-16.999942016601562,EnsembleMLLR
M706I:V711D,-11.3828125,EnsembleMLLR
M706I:V710A,0.679296875,EnsembleMLLR
M706I:V710D,-11.85498046875,EnsembleMLLR
M706I:V710I,0.50830078125,EnsembleMLLR
M706I:V707M,-1.1560546875000002,EnsembleMLLR
M706I:V711A,1.84619140625,EnsembleMLLR
M706I:V711I,0.551953125,EnsembleMLLR
M706K:G708S,-12.16796875,EnsembleMLLR
M706K:A713S,-11.9723876953125,EnsembleMLLR
M706K:A713T,-10.957910156250001,EnsembleMLLR
M706K:A713V,-9.121337890625,EnsembleMLLR
M706K:G708C,-11.43505859375,EnsembleMLLR
M706K:G708D,-20.0728759765625,EnsembleMLLR
M706I:V707E,-10.2451171875,EnsembleMLLR
M706K:G708V,-10.46025390625,EnsembleMLLR
M706K:G709C,-11.819287109374999,EnsembleMLLR
M706K,-8.41328125,EnsembleMLLR
M706I:V707A,-0.5170410156249998,EnsembleMLLR
M706I:G709C,-2.32032470703125,EnsembleMLLR
M706I:I712T,-2.1671875,EnsembleMLLR
M706K:G709D,-20.4227294921875,EnsembleMLLR
M706A,-1.009375,EnsembleMLLR
M706E,-8.35234375,EnsembleMLLR
M706F,-0.47734375,EnsembleMLLR
M706I:A713E,-10.112207031250001,EnsembleMLLR
M706I:A713S,-2.7033691406249996,EnsembleMLLR
M706I:A713T,-1.20068359375,EnsembleMLLR
M706I:A713V,0.8114257812499999,EnsembleMLLR
M706I:G708C,-2.796649169921875,EnsembleMLLR
M706I:G708D,-10.010205078124999,EnsembleMLLR
M706I:G708S,-1.914404296875,EnsembleMLLR
M706I:G708V,-0.5316406250000001,EnsembleMLLR
M706I:G709D,-9.41533203125,EnsembleMLLR
M706I:G709S,-1.769189453125,EnsembleMLLR
M706I:I712K,-10.178125,EnsembleMLLR
M706I:I712L,2.99873046875,EnsembleMLLR
M706I:I712M,0.76953125,EnsembleMLLR
M706I:I712V,2.4236328125,EnsembleMLLR
M706I,1.3083984375,EnsembleMLLR
M706K:G709S,-11.1976806640625,EnsembleMLLR
M706K:I712L,-6.9951171875,EnsembleMLLR
M706V:A713S,-2.902001953125,EnsembleMLLR
M706V:A713G,-2.38349609375,EnsembleMLLR
M706V:A713E,-10.529980468749999,EnsembleMLLR
M706V,1.502734375,EnsembleMLLR
M706T:V711I,-2.3654296875,EnsembleMLLR
M706T:V711D,-15.2818359375,EnsembleMLLR
M706T:V711A,-1.13388671875,EnsembleMLLR
M706T:V710I,-3.48818359375,EnsembleMLLR
M706T:V710D,-14.9673828125,EnsembleMLLR
M706T:V710A,-2.6541015624999997,EnsembleMLLR
M706V:A713T,-1.4288818359374997,EnsembleMLLR
M706T:V707M,-5.03603515625,EnsembleMLLR
M706T:V707A,-3.6708984375,EnsembleMLLR
M706T:I712V,-1.4978515625,EnsembleMLLR
M706T:I712T,-5.578125,EnsembleMLLR
M706T:I712M,-2.841015625,EnsembleMLLR
M706T:I712L,-0.46079101562500013,EnsembleMLLR
M706T:I712K,-13.984375,EnsembleMLLR
M706T:G709S,-4.7958740234375,EnsembleMLLR
M706T:G709D,-13.670635986328126,EnsembleMLLR
M706T:G709C,-6.951708984375,EnsembleMLLR
M706T:G708S,-6.14658203125,EnsembleMLLR
M706T:V707E,-13.544677734375,EnsembleMLLR
M706T:G708D,-13.020166015625,EnsembleMLLR
M706V:A713V,0.3555664062499999,EnsembleMLLR
M706V:G708D,-9.9123779296875,EnsembleMLLR
M706V:V711I,0.2496093749999999,EnsembleMLLR
M706V:V711G,-2.8962890625,EnsembleMLLR
M706V:V711D,-11.2529296875,EnsembleMLLR
M706V:V711A,1.828271484375,EnsembleMLLR
M706V:V710I,0.87890625,EnsembleMLLR
M706V:V710F,-1.73203125,EnsembleMLLR
M706V:V710D,-12.243359375,EnsembleMLLR
M706V:V710A,0.08212890625000002,EnsembleMLLR
M706V:V707M,-1.5116210937499999,EnsembleMLLR
M706V:V707L,0.213134765625,EnsembleMLLR
M706V:G708C,-2.46826171875,EnsembleMLLR
M706V:V707E,-10.026416015625,EnsembleMLLR
M706V:I712V,2.3349609375,EnsembleMLLR
M706V:I712T,-1.1005859375,EnsembleMLLR
M706V:I712M,0.14921874999999996,EnsembleMLLR
M706V:I712L,2.97314453125,EnsembleMLLR
M706V:I712K,-10.55625,EnsembleMLLR
M706V:G709S,-0.7179687500000003,EnsembleMLLR
M706V:G709D,-9.98935546875,EnsembleMLLR
M706V:G709C,-2.67412109375,EnsembleMLLR
M706V:G708V,-0.5623535156249999,EnsembleMLLR
M706V:G708S,-1.825091552734375,EnsembleMLLR
M706V:V707A,-0.56396484375,EnsembleMLLR
M706T:G708C,-4.264794921875,EnsembleMLLR
M706T:A713V,-3.1355224609375,EnsembleMLLR
M706T:A713T,-5.069482421875,EnsembleMLLR
M706L:G708V,0.74639892578125,EnsembleMLLR
M706L:G708S,1.1307189941406253,EnsembleMLLR
M706L:G708D,-8.40924072265625,EnsembleMLLR
M706L:G708C,0.069305419921875,EnsembleMLLR
M706L:A713V,3.9355712890625,EnsembleMLLR
M706L:A713T,1.755804443359375,EnsembleMLLR
M706L:A713S,0.423736572265625,EnsembleMLLR
M706L,3.637548828125,EnsembleMLLR
M706K:V711L,-8.4376953125,EnsembleMLLR
M706K:V711I,-9.4662109375,EnsembleMLLR
M706L:G709C,0.17832641601562482,EnsembleMLLR
M706K:V711F,-10.8037109375,EnsembleMLLR
M706K:V711A,-8.53359375,EnsembleMLLR
M706K:V710I,-9.412402343750001,EnsembleMLLR
M706K:V710D,-21.85341796875,EnsembleMLLR
M706K:V710A,-9.1376953125,EnsembleMLLR
M706K:V707M,-12.4361083984375,EnsembleMLLR
M706K:V707E,-20.277587890625,EnsembleMLLR
M706K:V707A,-10.56025390625,EnsembleMLLR
M706K:I712V,-7.575000000000001,EnsembleMLLR
M706K:I712T,-11.3546875,EnsembleMLLR
M706K:I712M,-9.5685546875,EnsembleMLLR
M706K:V711D,-21.462109374999997,EnsembleMLLR
M706L:G709D,-6.799465942382811,EnsembleMLLR
M706L:G709R,-8.966552734375,EnsembleMLLR
M706L:G709S,1.02542724609375,EnsembleMLLR
M706T:A713S,-6.4002685546875,EnsembleMLLR
M706T:A713E,-14.80244140625,EnsembleMLLR
M706T,-2.55703125,EnsembleMLLR
M706S,-2.97578125,EnsembleMLLR
M706R:V710I,-9.42158203125,EnsembleMLLR
M706R,-8.4609375,EnsembleMLLR
M706N,-8.632421875,EnsembleMLLR
M706L:V711I,3.3401550292968754,EnsembleMLLR
M706L:V711D,-9.137310791015626,EnsembleMLLR
M706L:V711A,4.51568603515625,EnsembleMLLR
M706L:V710L,3.034033203125,EnsembleMLLR
M706L:V710I,2.39564208984375,EnsembleMLLR
M706L:V710D,-8.960699462890625,EnsembleMLLR
M706L:V710A,3.648175048828125,EnsembleMLLR
M706L:V707M,0.712890625,EnsembleMLLR
M706L:V707L,2.159075927734375,EnsembleMLLR
M706L:V707E,-7.41455078125,EnsembleMLLR
M706L:V707A,1.7906005859374998,EnsembleMLLR
M706L:I712V,4.3146728515625,EnsembleMLLR
M706L:I712T,0.7101318359375002,EnsembleMLLR
M706L:I712M,3.0667602539062497,EnsembleMLLR
M706L:I712L,5.27022705078125,EnsembleMLLR
M706L:I712K,-6.727844238281251,EnsembleMLLR
M706K:I712K,-19.4451171875,EnsembleMLLR
V707M:G709C,-6.0155029296875,EnsembleMLLR
V707M:G709D,-14.7348388671875,EnsembleMLLR
V707E:A713V,-12.701953125,EnsembleMLLR
V707E:A713S,-14.96875,EnsembleMLLR
V707E:A713T,-13.303125000000001,EnsembleMLLR
V707E:G708C,-14.675732421875,EnsembleMLLR
V707E:G708D,-23.21728515625,EnsembleMLLR
V707E:G708S,-14.597875976562499,EnsembleMLLR
V707E:G708V,-13.717431640625,EnsembleMLLR
V707E:G709C,-15.350878906250001,EnsembleMLLR
V707E:G709R,-23.84688720703125,EnsembleMLLR
V707E:G709S,-14.6671142578125,EnsembleMLLR
V707E:A713E,-24.248046875,EnsembleMLLR
V707E:I712K,-22.583789062500003,EnsembleMLLR
V707E:I712M,-13.590576171875,EnsembleMLLR
V707E:I712T,-15.131250000000001,EnsembleMLLR
V707E:I712V,-10.812744140625,EnsembleMLLR
V707E:V710A,-11.266064453124999,EnsembleMLLR
V707E:V710D,-25.18251953125,EnsembleMLLR
V707E:V710I,-12.474511718750001,EnsembleMLLR
V707E:V711A,-9.636865234375,EnsembleMLLR
V707E:V711D,-23.897607421875,EnsembleMLLR
V707E:V711F,-14.184521484374999,EnsembleMLLR
V707E:I712L,-10.621044921875,EnsembleMLLR
V707E,-11.51123046875,EnsembleMLLR
V707D,-12.49169921875,EnsembleMLLR
V707A:V711I,-2.912353515625,EnsembleMLLR
V707A,-1.725048828125,EnsembleMLLR
V707A:A713E,-13.711474609375,EnsembleMLLR
V707A:A713S,-6.00810546875,EnsembleMLLR
V707A:A713T,-4.49945068359375,EnsembleMLLR
V707A:A713V,-2.232666015625,EnsembleMLLR
V707A:G708C,-5.62197265625,EnsembleMLLR
V707A:G708D,-14.271923828125,EnsembleMLLR
V707A:G708S,-4.7552490234375,EnsembleMLLR
V707A:G708V,-4.1228515625,EnsembleMLLR
V707A:G709C,-5.547265625,EnsembleMLLR
V707A:G709D,-13.443212890625,EnsembleMLLR
V707A:G709S,-5.184033203125001,EnsembleMLLR
V707A:I712K,-13.831152343749999,EnsembleMLLR
V707A:I712L,-0.5165039062499999,EnsembleMLLR
V707A:I712M,-2.7552734374999996,EnsembleMLLR
V707A:I712T,-5.366796875,EnsembleMLLR
V707A:I712V,-1.6193359375000003,EnsembleMLLR
V707A:V710A,-1.81474609375,EnsembleMLLR
V707A:V710D,-15.076025390625,EnsembleMLLR
V707A:V710I,-1.93017578125,EnsembleMLLR
V707A:V711D,-14.46904296875,EnsembleMLLR
V707E:V711I,-12.17177734375,EnsembleMLLR
V707G,-4.31484375,EnsembleMLLR
V707E:G709D,-23.1902587890625,EnsembleMLLR
V707G:I712T,-6.4357421875,EnsembleMLLR
V707M:G708D,-14.8420166015625,EnsembleMLLR
V707M:G708S,-5.9158203125,EnsembleMLLR
V707M:G708V,-6.494140625,EnsembleMLLR
V707W,-9.81953125,EnsembleMLLR
V707T,-4.1388671875,EnsembleMLLR
V707S,-3.8095703125,EnsembleMLLR
V707Q,-11.8455078125,EnsembleMLLR
V707M:V711I,-4.016162109375,EnsembleMLLR
V707M:V711G,-7.232763671875,EnsembleMLLR
V707M:V711D,-15.7091796875,EnsembleMLLR
V707M:V711A,-3.39189453125,EnsembleMLLR
V707M:V710I,-4.123828125,EnsembleMLLR
V707G:G708C,-9.637353515625001,EnsembleMLLR
V707M:V710D,-15.336132812499999,EnsembleMLLR
V707M:V710A,-2.8821289062499997,EnsembleMLLR
V707M:I712V,-2.187158203125,EnsembleMLLR
V707M:I712T,-5.746386718749999,EnsembleMLLR
V707M:I712M,-4.34140625,EnsembleMLLR
V707M:I712L,-1.7893554687499997,EnsembleMLLR
V707M:I712K,-14.630566406249999,EnsembleMLLR
V707M:G709S,-5.600903320312501,EnsembleMLLR
V707M:G708C,-6.9511962890625,EnsembleMLLR
V707M:A713V,-4.2052734375,EnsembleMLLR
V707M:V710G,-5.0296875,EnsembleMLLR
V707M:A713S,-7.7804931640625,EnsembleMLLR
V707M:A713T,-5.17451171875,EnsembleMLLR
V707G:I712V,-4.859228515625,EnsembleMLLR
V707I,-0.70205078125,EnsembleMLLR
V707K,-12.14111328125,EnsembleMLLR
V707L,-1.841064453125,EnsembleMLLR
V707L:G708C,-5.15400390625,EnsembleMLLR
V707L:G708D,-13.851318359375,EnsembleMLLR
V707L:G709C,-4.973779296875,EnsembleMLLR
V707L:G709D,-13.3999267578125,EnsembleMLLR
V707L:G709S,-4.7931396484375,EnsembleMLLR
V707L:A713S,-6.255224609375,EnsembleMLLR
V707L:I712L,-0.677978515625,EnsembleMLLR
V707L:I712T,-4.349072265625,EnsembleMLLR
V707L:I712V,-0.12812499999999993,EnsembleMLLR
V707L:V710D,-15.408447265625,EnsembleMLLR
V707L:V710I,-2.69921875,EnsembleMLLR
V707L:V711A,-2.2115234375,EnsembleMLLR
V707L:V711D,-14.7828125,EnsembleMLLR
V707M,-2.524658203125,EnsembleMLLR
V707L:I712K,-13.6216796875,EnsembleMLLR
V707M:A713E,-15.837499999999999,EnsembleMLLR
G708C:I712L,-2.191015625,EnsembleMLLR
G708C:I712M,-5.14376220703125,EnsembleMLLR
G708C:I712T,-7.12158203125,EnsembleMLLR
G708C:I712V,-2.27490234375,EnsembleMLLR
G708C:V710A,-4.8892333984375,EnsembleMLLR
G708C:V710D,-16.080126953125,EnsembleMLLR
G708C:V710L,-3.842919921875,EnsembleMLLR
G708C:V710G,-5.60185546875,EnsembleMLLR
G708C:V710I,-4.61962890625,EnsembleMLLR
G708C:V711A,-3.922021484375,EnsembleMLLR
G708C:I712K,-15.64713134765625,EnsembleMLLR
G708C:V711D,-16.8035400390625,EnsembleMLLR
G708C:V710F,-6.854565429687501,EnsembleMLLR
G708C:G709V,-5.8001708984375,EnsembleMLLR
G708C,-3.7498046875,EnsembleMLLR
G708C:G709R,-16.141851806640624,EnsembleMLLR
G708C:G709D,-14.75716552734375,EnsembleMLLR
G708C:G709C,-8.4567138671875,EnsembleMLLR
G708C:A713V,-5.97550048828125,EnsembleMLLR
G708C:A713T,-6.668890380859375,EnsembleMLLR
G708C:A713S,-7.9045166015625,EnsembleMLLR
G708C:A713P,-12.352392578124999,EnsembleMLLR
G708C:A713G,-7.3884033203125,EnsembleMLLR
G708C:A713E,-15.8932373046875,EnsembleMLLR
G708A:V710A,-1.2929199218749998,EnsembleMLLR
G708A:I712L,-0.2795166015624999,EnsembleMLLR
G708A:G709C,-5.199566650390625,EnsembleMLLR
G708A,-0.18701171875,EnsembleMLLR
G708C:V711I,-5.044854736328125,EnsembleMLLR
G708C:G709S,-6.95640869140625,EnsembleMLLR
G708C:V711L,-3.95899658203125,EnsembleMLLR
G708S:G709D,-15.506555175781251,EnsembleMLLR
G708D:A713E,-24.589306640624997,EnsembleMLLR
G708S:I712K,-15.611279296875,EnsembleMLLR
G708S:I712L,-1.3598144531249998,EnsembleMLLR
G708S:I712M,-4.9843017578125,EnsembleMLLR
G708S:I712T,-5.238671875,EnsembleMLLR
G708S:I712V,-2.4232421874999996,EnsembleMLLR
G708S:V710G,-7.17935791015625,EnsembleMLLR
G708S:V710I,-5.1574462890625,EnsembleMLLR
G708S:V711A,-2.561962890625,EnsembleMLLR
G708S:V711D,-15.710498046875,EnsembleMLLR
G708S:V711I,-3.7886718750000004,EnsembleMLLR
G708V,-1.2542724609375,EnsembleMLLR
G708V:A713V,-3.234295654296875,EnsembleMLLR
G708V:G709C,-5.3354736328125,EnsembleMLLR
G708V:G709S,-4.8302490234375,EnsembleMLLR
G708V:I712K,-14.05953369140625,EnsembleMLLR
G708V:I712L,-0.07163085937499991,EnsembleMLLR
G708V:I712T,-6.0533447265625,EnsembleMLLR
G708V:I712V,-1.18193359375,EnsembleMLLR
G708V:V710A,-3.4866943359375,EnsembleMLLR
G708V:V710D,-15.67547607421875,EnsembleMLLR
G708V:V710I,-3.3814941406249996,EnsembleMLLR
G708V:V711A,-2.0931640625,EnsembleMLLR
G708V:V711D,-14.18330078125,EnsembleMLLR
G708V:V711I,-3.231884765625,EnsembleMLLR
G708V:V711L,-2.2634643554687504,EnsembleMLLR
G708Y,-11.230511474609376,EnsembleMLLR
G708D,-11.97906494140625,EnsembleMLLR
G708S:G709S,-6.52464599609375,EnsembleMLLR
G708S:G709C,-7.063977050781251,EnsembleMLLR
G708S:V710D,-17.0174560546875,EnsembleMLLR
G708D:I712L,-10.194580078125,EnsembleMLLR
G708I,-4.8294189453125,EnsembleMLLR
G708F,-4.773974609375,EnsembleMLLR
G708E,-11.068402099609376,EnsembleMLLR
G708D:V711I,-13.3816650390625,EnsembleMLLR
G708D:V711D,-24.288720703125,EnsembleMLLR
G708D:V711A,-11.230224609375,EnsembleMLLR
G708D:V710I,-12.964306640625,EnsembleMLLR
G708D:V710A,-11.862841796875001,EnsembleMLLR
G708R,-10.528778076171875,EnsembleMLLR
G708D:I712V,-9.9699462890625,EnsembleMLLR
G708D:I712M,-12.053515625,EnsembleMLLR
G708S:A713V,-5.653955078125,EnsembleMLLR
G708D:I712K,-23.815380859374997,EnsembleMLLR
G708D:G709S,-15.5118408203125,EnsembleMLLR
G708D:G709D,-23.02820739746094,EnsembleMLLR
G708D:G709C,-14.650390625,EnsembleMLLR
G708D:A713V,-13.038720703125001,EnsembleMLLR
G708D:A713T,-15.245849609375,EnsembleMLLR
G708D:I712T,-14.53134765625,EnsembleMLLR
G708R:G709S,-13.19215087890625,EnsembleMLLR
G708N,-12.031982421875,EnsembleMLLR
G708R:I712L,-9.21474609375,EnsembleMLLR
G708R:I712T,-13.254174804687501,EnsembleMLLR
G708S,-3.534228515625,EnsembleMLLR
G708S:A713E,-15.708154296875,EnsembleMLLR
G708S:A713S,-7.9133056640624995,EnsembleMLLR
G708S:A713T,-6.125390625,EnsembleMLLR
G708D:A713S,-15.75791015625,EnsembleMLLR
G709D:V711A,-11.19393310546875,EnsembleMLLR
G709D:V710I,-12.1764892578125,EnsembleMLLR
G709D:V710G,-13.6859130859375,EnsembleMLLR
G709D:V710D,-24.179248046875,EnsembleMLLR
G709C:V711F,-5.57265625,EnsembleMLLR
G709C:V711G,-8.79736328125,EnsembleMLLR
G709D:V710A,-11.856469726562501,EnsembleMLLR
G709C:V711I,-3.5775390625,EnsembleMLLR
G709C:V711L,-4.26600341796875,EnsembleMLLR
G709D:A713S,-15.425390625,EnsembleMLLR
G709D:A713G,-14.5528564453125,EnsembleMLLR
G709D:I712V,-11.22969970703125,EnsembleMLLR
G709D:A713T,-14.06949462890625,EnsembleMLLR
G709D:A713V,-12.7599853515625,EnsembleMLLR
G709D:I712K,-21.94326171875,EnsembleMLLR
G709D:I712L,-10.26929931640625,EnsembleMLLR
G709D:I712M,-12.74033203125,EnsembleMLLR
G709D:I712T,-14.399237060546875,EnsembleMLLR
G709D:V711D,-23.869580078125,EnsembleMLLR
G709D,-11.4859130859375,EnsembleMLLR
G709D:V711F,-14.418710327148439,EnsembleMLLR
G709S:V710A,-3.8424560546875,EnsembleMLLR
G709D:V711L,-11.291064453125,EnsembleMLLR
G709S:I712V,-1.5132324218750002,EnsembleMLLR
G709S:I712T,-5.6149658203125,EnsembleMLLR
G709S:I712M,-5.0162109375,EnsembleMLLR
G709S:I712L,-1.9816650390625,EnsembleMLLR
G709S:I712K,-14.720361328125,EnsembleMLLR
G709S:A713V,-4.3901123046875,EnsembleMLLR
G709S:A713T,-5.64927978515625,EnsembleMLLR
G709S:A713S,-8.278118896484376,EnsembleMLLR
G709S:A713E,-15.8072509765625,EnsembleMLLR
G709D:V711I,-12.587622070312499,EnsembleMLLR
G709S,-2.54814453125,EnsembleMLLR
G709R:V710D,-25.614575195312497,EnsembleMLLR
G709R:I712V,-12.0790283203125,EnsembleMLLR
G709R:A713T,-14.8751708984375,EnsembleMLLR
G709C:V711D,-16.005859375,EnsembleMLLR
G709R,-12.598291015625,EnsembleMLLR
G709N,-10.24979248046875,EnsembleMLLR
G709L,-2.24990234375,EnsembleMLLR
G709F,-7.35604248046875,EnsembleMLLR
G709E,-11.65255126953125,EnsembleMLLR
G709R:V711D,-25.62509765625,EnsembleMLLR
G709C:V711A,-3.981298828125,EnsembleMLLR
G709D:A713E,-23.92413330078125,EnsembleMLLR
G709S:V710D,-15.503332519531249,EnsembleMLLR
G709C:V710F,-6.283862304687499,EnsembleMLLR
G709C:V710D,-16.471337890625,EnsembleMLLR
G709C:V710A,-4.65145263671875,EnsembleMLLR
G709C:I712V,-2.5154052734375,EnsembleMLLR
G709C:I712T,-6.85380859375,EnsembleMLLR
G709C:I712M,-5.71708984375,EnsembleMLLR
G709C:I712L,-2.4841796875,EnsembleMLLR
G709C:I712K,-15.5471923828125,EnsembleMLLR
G709C:A713T,-6.9201171875,EnsembleMLLR
G709C:A713S,-7.4474365234375,EnsembleMLLR
G709C:A713P,-14.247369384765625,EnsembleMLLR
G709C:A713G,-5.15849609375,EnsembleMLLR
G709C:A713E,-17.25062255859375,EnsembleMLLR
G709C,-4.26484375,EnsembleMLLR
G709A:V710A,-1.9478271484374998,EnsembleMLLR
G709C:V710G,-6.838720703125,EnsembleMLLR
G709C:V710I,-4.22314453125,EnsembleMLLR
G709C:A713V,-4.3231689453125,EnsembleMLLR
G709V:I712L,0.1121826171875,EnsembleMLLR
G709A:I712M,-2.7913452148437496,EnsembleMLLR
G709A,-0.3274658203125,EnsembleMLLR
G709S:V710I,-4.07734375,EnsembleMLLR
G709S:V711D,-16.428857421875,EnsembleMLLR
G709S:V711I,-4.19815673828125,EnsembleMLLR
G709V,-1.365380859375,EnsembleMLLR
G709S:V711A,-2.948193359375,EnsembleMLLR
G709V:I712V,-1.9036865234374998,EnsembleMLLR
G709Y,-10.9909912109375,EnsembleMLLR
V710I,-1.04033203125,EnsembleMLLR
V710A:I712V,0.25107421875,EnsembleMLLR
V710G:V711D,-15.38828125,EnsembleMLLR
V710G:I712V,-0.905078125,EnsembleMLLR
V710G,-1.93447265625,EnsembleMLLR
V710F:A713T,-5.802587890625,EnsembleMLLR
V710I:A713S,-5.4279296875,EnsembleMLLR
V710I:A713T,-3.9479248046875,EnsembleMLLR
V710I:A713V,-2.217041015625,EnsembleMLLR
V710I:I712K,-11.7892578125,EnsembleMLLR
V710Y,-11.02041015625,EnsembleMLLR
V710T,-2.67958984375,EnsembleMLLR
V710S,-3.567578125,EnsembleMLLR
V710N,-8.70283203125,EnsembleMLLR
V710L:V711D,-13.8083984375,EnsembleMLLR
V710L:I712V,0.6439453125,EnsembleMLLR
V710L:I712T,-3.9802734375,EnsembleMLLR
V710F,-2.3994140625,EnsembleMLLR
V710L:A713V,-0.778857421875,EnsembleMLLR
V710I:V711I,-1.89951171875,EnsembleMLLR
V710I:V711D,-13.7740234375,EnsembleMLLR
V710I:V711A,-0.6290039062499999,EnsembleMLLR
V710I:I712V,-0.08251953125,EnsembleMLLR
V710I:I712T,-3.6302734374999996,EnsembleMLLR
V710I:I712M,-2.217578125,EnsembleMLLR
V710I:I712L,0.12001953125000009,EnsembleMLLR
V710L,-0.44814453125,EnsembleMLLR
V710E,-13.0328125,EnsembleMLLR
V710D:V711D,-25.901171875000003,EnsembleMLLR
V710D:V711G,-16.26171875,EnsembleMLLR
V710A:V711A,-0.27900390625000004,EnsembleMLLR
V710A:V711D,-13.1904296875,EnsembleMLLR
V710A:V711I,-1.70888671875,EnsembleMLLR
V710A:V711L,-0.8655273437500001,EnsembleMLLR
V710D,-12.96083984375,EnsembleMLLR
V710D:A713E,-24.5216796875,EnsembleMLLR
V710D:A713S,-17.73564453125,EnsembleMLLR
V710D:A713T,-15.2178955078125,EnsembleMLLR
V710D:A713V,-13.788330078125,EnsembleMLLR
V710D:I712K,-24.404296875,EnsembleMLLR
V710D:I712L,-11.124658203125,EnsembleMLLR
V710D:V711I,-13.99365234375,EnsembleMLLR
V710D:I712M,-14.06494140625,EnsembleMLLR
V710A:I712M,-2.15322265625,EnsembleMLLR
V710A:I712L,0.7913574218750001,EnsembleMLLR
V710A:I712K,-12.686816406250001,EnsembleMLLR
V710A:A713V,-0.77705078125,EnsembleMLLR
V710A:A713T,-2.8201171875,EnsembleMLLR
V710A:A713S,-4.92041015625,EnsembleMLLR
V710A,-0.331640625,EnsembleMLLR
V710D:I712V,-12.34912109375,EnsembleMLLR
V710D:V711A,-13.30419921875,EnsembleMLLR
V710A:I712T,-3.623046875,EnsembleMLLR
V710D:V711F,-15.25302734375,EnsembleMLLR
V710D:I712T,-16.4193359375,EnsembleMLLR
V711A:A713T,-1.9317382812500001,EnsembleMLLR
V711A,0.1236328125,EnsembleMLLR
V711A:A713S,-4.1961669921875,EnsembleMLLR
V711A:A713V,-0.40952148437500013,EnsembleMLLR
V711D,-12.7232421875,EnsembleMLLR
V711A:I712L,2.3621582031250004,EnsembleMLLR
V711I:A713E,-12.61767578125,EnsembleMLLR
V711I:A713S,-4.9146728515625,EnsembleMLLR
V711I:A713T,-3.5818115234375,EnsembleMLLR
V711I:A713V,-2.1126953125,EnsembleMLLR
V711I:I712K,-12.670703125,EnsembleMLLR
V711I:I712M,-2.18671875,EnsembleMLLR
V711I:I712T,-3.5304687500000003,EnsembleMLLR
V711I,-0.99140625,EnsembleMLLR
V711I:I712V,-0.020312499999999956,EnsembleMLLR
V711L:I712L,2.053759765625,EnsembleMLLR
V711L:I712V,1.449609375,EnsembleMLLR
V711N,-11.848046875,EnsembleMLLR
V711S,-4.376171875,EnsembleMLLR
V711T,-2.394921875,EnsembleMLLR
V711Y,-11.148828125,EnsembleMLLR
V711A:I712K,-11.3427734375,EnsembleMLLR
V711L,0.39912109375,EnsembleMLLR
V711G:I712V,-3.43623046875,EnsembleMLLR
V711I:I712L,0.487158203125,EnsembleMLLR
V711G:A713S,-8.027807617187499,EnsembleMLLR
V711A:I712M,-0.5134765625,EnsembleMLLR
V711G:A713V,-5.3578125,EnsembleMLLR
V711A:I712V,0.70361328125,EnsembleMLLR
V711D:A713E,-24.85064697265625,EnsembleMLLR
V711D:A713S,-16.799365234375,EnsembleMLLR
V711D:A713T,-16.356396484375,EnsembleMLLR
V711D:A713V,-13.7591796875,EnsembleMLLR
V711D:I712K,-24.334179687499997,EnsembleMLLR
V711A:I712T,-1.196630859375,EnsembleMLLR
V711D:I712M,-14.5072265625,EnsembleMLLR
V711D:I712T,-15.6640625,EnsembleMLLR
V711D:I712V,-11.557421875,EnsembleMLLR
V711E,-12.91552734375,EnsembleMLLR
V711F,-2.246484375,EnsembleMLLR
V711G,-3.8009765625,EnsembleMLLR
V711D:I712L,-11.428466796875,EnsembleMLLR
I712L,1.786767578125,EnsembleMLLR
I712L:A713E,-10.692138671875,EnsembleMLLR
I712L:A713G,-1.6853515625000002,EnsembleMLLR
I712L:A713S,-2.5842773437499997,EnsembleMLLR
I712L:A713T,-1.9722656250000001,EnsembleMLLR
I712L:A713V,0.492333984375,EnsembleMLLR
I712M,-0.73984375,EnsembleMLLR
I712M:A713T,-4.088916015625,EnsembleMLLR
I712M:A713S,-5.331591796875,EnsembleMLLR
I712M:A713V,-1.623779296875,EnsembleMLLR
I712N,-11.438671875,EnsembleMLLR
I712Q,-11.165625,EnsembleMLLR
I712R,-10.62734375,EnsembleMLLR
I712K:A713V,-11.900390625,EnsembleMLLR
I712M:A713E,-13.384912109375,EnsembleMLLR
I712K:A713T,-14.08929443359375,EnsembleMLLR
I712V:A713S,-2.8736572265625,EnsembleMLLR
I712K:A713E,-24.27099609375,EnsembleMLLR
I712T,-2.5064453125,EnsembleMLLR
I712V:A713V,-0.04829101562499982,EnsembleMLLR
I712V:A713T,-1.5056640625,EnsembleMLLR
I712V:A713G,-2.915771484375,EnsembleMLLR
I712V:A713E,-11.831982421875,EnsembleMLLR
I712V,0.3171875,EnsembleMLLR
I712K:A713S,-16.38984375,EnsembleMLLR
I712S,-5.375,EnsembleMLLR
I712T:A713T,-5.329931640625,EnsembleMLLR
I712T:A713S,-7.3447265625,EnsembleMLLR
I712T:A713E,-14.64248046875,EnsembleMLLR
I712A,0.0328125,EnsembleMLLR
I712E,-10.93828125,EnsembleMLLR
I712F,-1.3884765625,EnsembleMLLR
I712K,-11.4439453125,EnsembleMLLR
I712T:A713V,-4.7015625,EnsembleMLLR
A713E,-12.4969970703125,EnsembleMLLR
A713G,-2.3465576171875,EnsembleMLLR
A713L,-2.66669921875,EnsembleMLLR
A713P,-9.0758056640625,EnsembleMLLR
A713S,-3.8731689453125,EnsembleMLLR
A713T,-2.8006591796875,EnsembleMLLR
A713V,-1.531591796875,EnsembleMLLR
A713M,-3.184326171875,EnsembleMLLR
